@ NAME             %7s "HLTABLE"
@ TYPE             %04s "USER"
@ TITLE            %20s "FNAL Booster lattice"
@ ORIGIN           %24s "MAD-X 5.01.00 Windows 32"
@ DATE             %08s "24/03/13"
@ TIME             %08s "22.38.54"
*          TIME       I_HL01    I_HL10    I_HL11    I_HL12    I_HL13    I_HL14    I_HL15    I_HL16    I_HL17    I_HL18    I_HL19    I_HL02    I_HL20    I_HL21    I_HL22    I_HL23    I_HL24    I_HL03    I_HL04    I_HL05    I_HL06    I_HL07    I_HL08    I_HL09    
$          %le        %le        %le        %le        %le        %le        %le        %le        %le        %le        %le        %le        %le        %le        %le        %le        %le        %le        %le        %le        %le        %le        %le        %le        %le        
           0.000000  0.000000e+00   0.000000e+00   0.000000e+00   0.000000e+00   0.000000e+00   0.000000e+00   0.000000e+00   0.000000e+00   0.000000e+00   0.000000e+00   0.000000e+00   0.000000e+00   0.000000e+00   0.000000e+00   0.000000e+00   0.000000e+00   0.000000e+00   0.000000e+00   0.000000e+00   0.000000e+00   0.000000e+00   0.000000e+00   0.000000e+00   0.000000e+00   
           2.000000  0.000000e+00   0.000000e+00   0.000000e+00   0.000000e+00   0.000000e+00   0.000000e+00   0.000000e+00   0.000000e+00   0.000000e+00   0.000000e+00   0.000000e+00   0.000000e+00   0.000000e+00   0.000000e+00   0.000000e+00   0.000000e+00   0.000000e+00   0.000000e+00   0.000000e+00   0.000000e+00   0.000000e+00   0.000000e+00   0.000000e+00   0.000000e+00   
           3.100000  -9.395967e+00   1.075023e+01   8.984800e+00   1.144470e+01   2.507300e+01   8.998900e+00   1.966333e+01   1.292387e+01   2.140567e+01   7.592267e+00   6.335967e+00   -8.407000e-01   3.546300e-01   1.341747e+01   9.982750e+00   7.101233e+00   3.367167e+00   4.743000e-01   -1.172133e+01   -1.303733e+01   4.278267e+00   5.063533e+00   1.356630e+01   8.496333e+00   
           4.180000  -8.790807e+00   9.348753e+00   7.157440e+00   1.019946e+01   1.959740e+01   3.943420e+00   1.797133e+01   1.058963e+01   1.779487e+01   8.891147e+00   5.957607e+00   1.538540e+00   -7.926000e-03   1.004211e+01   6.556450e+00   2.794553e+00   6.041667e-01   1.114740e+00   -1.108773e+01   -1.484453e+01   3.957147e+00   4.021693e+00   1.071834e+01   9.536733e+00   
           5.220000  -8.208060e+00   7.999180e+00   5.397760e+00   9.000340e+00   1.432460e+01   -9.248200e-01   1.634200e+01   8.341840e+00   1.431780e+01   1.014192e+01   5.593260e+00   3.829660e+00   -3.570540e-01   6.791760e+00   3.257050e+00   -1.352620e+00   -2.056500e+00   1.731460e+00   -1.047760e+01   -1.658480e+01   3.647920e+00   3.018440e+00   7.975860e+00   1.053860e+01   
           6.220000  -7.062545e+00   7.749465e+00   4.846460e+00   8.064975e+00   1.035515e+01   -4.563955e+00   1.528665e+01   6.544515e+00   1.210655e+01   1.106405e+01   5.713800e+00   6.053560e+00   6.798950e-02   5.256330e+00   1.566662e+00   -4.124365e+00   -3.644065e+00   2.775130e+00   -1.013440e+01   -1.713540e+01   3.691660e+00   2.616460e+00   6.629655e+00   1.161560e+01   
           7.180000  -3.971105e+00   1.107658e+01   8.199740e+00   7.907775e+00   1.029035e+01   -4.511395e+00   1.601385e+01   6.058035e+00   1.383695e+01   1.099445e+01   7.432200e+00   8.259640e+00   3.065325e+00   9.193770e+00   4.988462e+00   -2.646685e+00   -1.863985e+00   5.310970e+00   -1.063360e+01   -1.384260e+01   4.894540e+00   4.145740e+00   9.730695e+00   1.303640e+01   
           8.110000  -9.762725e-01   1.429973e+01   1.144823e+01   7.755488e+00   1.022758e+01   -4.460478e+00   1.671832e+01   5.586758e+00   1.551327e+01   1.092703e+01   9.096900e+00   1.039678e+01   5.968995e+00   1.300816e+01   8.303331e+00   -1.215183e+00   -1.395325e-01   7.767565e+00   -1.111720e+01   -1.065270e+01   6.059830e+00   5.627230e+00   1.273483e+01   1.441280e+01   
           9.010000  1.921952e+00   1.741891e+01   1.459193e+01   7.608113e+00   1.016683e+01   -4.411203e+00   1.740007e+01   5.130683e+00   1.713552e+01   1.086178e+01   1.070790e+01   1.246498e+01   8.778997e+00   1.669951e+01   1.151127e+01   1.701425e-01   1.529292e+00   1.014491e+01   -1.158520e+01   -7.565700e+00   7.187530e+00   7.060930e+00   1.564205e+01   1.574480e+01   
           9.890000  4.755772e+00   2.046877e+01   1.766577e+01   7.464013e+00   1.010743e+01   -4.363023e+00   1.806667e+01   4.684743e+00   1.872172e+01   1.079798e+01   1.228310e+01   1.448722e+01   1.152656e+01   2.030883e+01   1.464792e+01   1.524682e+00   3.161032e+00   1.246943e+01   -1.204280e+01   -4.547300e+00   8.290170e+00   8.462770e+00   1.848467e+01   1.704720e+01   
           10.750000  4.452625e+00   2.090625e+01   1.697578e+01   7.807800e+00   9.561125e+00   -5.035975e+00   1.786350e+01   4.643850e+00   1.873100e+01   1.039168e+01   1.154729e+01   1.504825e+01   1.120243e+01   1.988910e+01   1.511125e+01   6.827000e-01   3.171313e+00   1.132233e+01   -1.260625e+01   -3.473250e+00   8.898400e+00   7.813075e+00   1.867650e+01   1.722575e+01   
           11.600000  3.707600e+00   2.097000e+01   1.575832e+01   8.217840e+00   8.950400e+00   -5.805480e+00   1.753880e+01   4.660680e+00   1.851680e+01   9.940240e+00   1.049022e+01   1.539760e+01   1.044584e+01   1.890208e+01   1.519200e+01   -4.634400e-01   2.951800e+00   9.692960e+00   -1.318000e+01   -2.683600e+00   9.431520e+00   6.878160e+00   1.849120e+01   1.724360e+01   
           12.440000  2.971340e+00   2.103300e+01   1.455519e+01   8.623056e+00   8.346860e+00   -6.565932e+00   1.721792e+01   4.677312e+00   1.830512e+01   9.494116e+00   9.445592e+00   1.574284e+01   9.698156e+00   1.792667e+01   1.527180e+01   -1.596096e+00   2.734870e+00   8.082764e+00   -1.374700e+01   -1.903240e+00   9.958368e+00   5.954244e+00   1.830808e+01   1.726124e+01   
           13.260000  2.252610e+00   2.109450e+01   1.338070e+01   9.018624e+00   7.757690e+00   -7.308278e+00   1.690468e+01   4.693548e+00   1.809848e+01   9.058614e+00   8.425831e+00   1.607986e+01   8.968274e+00   1.697449e+01   1.534970e+01   -2.701784e+00   2.523105e+00   6.510906e+00   -1.430050e+01   -1.141460e+00   1.047267e+01   5.052326e+00   1.812932e+01   1.727846e+01   
           14.080000  1.533880e+00   2.115600e+01   1.220622e+01   9.414192e+00   7.168520e+00   -8.050624e+00   1.659144e+01   4.709784e+00   1.789184e+01   8.623112e+00   7.406071e+00   1.641688e+01   8.238392e+00   1.602230e+01   1.542760e+01   -3.807472e+00   2.311340e+00   4.939048e+00   -1.485400e+01   -3.796800e-01   1.098698e+01   4.150408e+00   1.795056e+01   1.729568e+01   
           14.890000  8.239150e-01   2.121675e+01   1.104605e+01   9.804936e+00   6.586535e+00   -8.783917e+00   1.628202e+01   4.725822e+00   1.768772e+01   8.192921e+00   6.398747e+00   1.674979e+01   7.517411e+00   1.508173e+01   1.550455e+01   -4.899676e+00   2.102158e+00   3.386359e+00   -1.540075e+01   3.728100e-01   1.149501e+01   3.259489e+00   1.777398e+01   1.731269e+01   
           15.700000  1.139500e-01   2.127750e+01   9.885890e+00   1.019568e+01   6.004550e+00   -9.517210e+00   1.597260e+01   4.741860e+00   1.748360e+01   7.762730e+00   5.391423e+00   1.708270e+01   6.796430e+00   1.414116e+01   1.558150e+01   -5.991880e+00   1.892975e+00   1.833670e+00   -1.594750e+01   1.125300e+00   1.200304e+01   2.368570e+00   1.759740e+01   1.732970e+01   
           16.510000  -5.960150e-01   2.133825e+01   8.725727e+00   1.058642e+01   5.422565e+00   -1.025050e+01   1.566318e+01   4.757898e+00   1.727948e+01   7.332539e+00   4.384099e+00   1.741561e+01   6.075449e+00   1.320059e+01   1.565845e+01   -7.084084e+00   1.683793e+00   2.809810e-01   -1.649425e+01   1.877790e+00   1.251107e+01   1.477651e+00   1.742082e+01   1.734671e+01   
           17.310000  -1.297215e+00   2.139825e+01   7.579887e+00   1.097234e+01   4.847765e+00   -1.097474e+01   1.535758e+01   4.773738e+00   1.707788e+01   6.907659e+00   3.389211e+00   1.774441e+01   5.363369e+00   1.227163e+01   1.573445e+01   -8.162804e+00   1.477193e+00   -1.252539e+00   -1.703425e+01   2.620990e+00   1.301283e+01   5.977310e-01   1.724642e+01   1.736351e+01   
           19.710000  -3.400815e+00   2.157825e+01   4.142367e+00   1.213010e+01   3.123365e+00   -1.314746e+01   1.444078e+01   4.821258e+00   1.647308e+01   5.633019e+00   4.045469e-01   1.873081e+01   3.227129e+00   9.484748e+00   1.596245e+01   -1.139896e+01   8.573925e-01   -5.853099e+00   -1.865425e+01   4.850590e+00   1.451811e+01   -2.042029e+00   1.672322e+01   1.741391e+01   
           20.510000  -3.830695e+00   2.166120e+01   3.634903e+00   1.262785e+01   3.332137e+00   -1.351497e+01   1.422885e+01   4.744040e+00   1.639363e+01   5.731492e+00   5.278092e-01   1.944925e+01   3.496892e+00   9.723960e+00   1.619952e+01   -1.149352e+01   1.224394e+00   -7.052492e+00   -1.821764e+01   5.749850e+00   1.464093e+01   -1.635483e+00   1.664895e+01   1.735370e+01   
           21.310000  -4.106295e+00   2.175720e+01   3.490436e+00   1.318918e+01   3.986471e+00   -1.367964e+01   1.407018e+01   4.613907e+00   1.638362e+01   6.127559e+00   1.286883e+00   2.038925e+01   4.324959e+00   1.062743e+01   1.652819e+01   -1.102845e+01   1.917560e+00   -8.061892e+00   -1.722571e+01   6.737850e+00   1.454826e+01   -4.974158e-01   1.663162e+01   1.724970e+01   
           22.110000  -4.381895e+00   2.185320e+01   3.345969e+00   1.375052e+01   4.640804e+00   -1.384431e+01   1.391152e+01   4.483773e+00   1.637363e+01   6.523626e+00   2.045956e+00   2.132925e+01   5.153026e+00   1.153089e+01   1.685686e+01   -1.056339e+01   2.610727e+00   -9.071292e+00   -1.623378e+01   7.725850e+00   1.445559e+01   6.406508e-01   1.661428e+01   1.714570e+01   
           22.910000  -4.657495e+00   2.194920e+01   3.201503e+00   1.431185e+01   5.295137e+00   -1.400897e+01   1.375285e+01   4.353640e+00   1.636362e+01   6.919692e+00   2.805029e+00   2.226925e+01   5.981092e+00   1.243436e+01   1.718552e+01   -1.009832e+01   3.303894e+00   -1.008069e+01   -1.524184e+01   8.713850e+00   1.436293e+01   1.778717e+00   1.659695e+01   1.704170e+01   
           23.700000  -4.929650e+00   2.204400e+01   3.058842e+00   1.486617e+01   5.941292e+00   -1.417158e+01   1.359617e+01   4.225133e+00   1.635375e+01   7.310808e+00   3.554614e+00   2.319750e+01   6.798808e+00   1.332653e+01   1.751008e+01   -9.639067e+00   3.988396e+00   -1.107747e+01   -1.426231e+01   9.689500e+00   1.427142e+01   2.902558e+00   1.657983e+01   1.693900e+01   
           24.500000  -5.205250e+00   2.214000e+01   2.914375e+00   1.542750e+01   6.595625e+00   -1.433625e+01   1.343750e+01   4.095000e+00   1.634375e+01   7.706875e+00   4.313687e+00   2.413750e+01   7.626875e+00   1.423000e+01   1.783875e+01   -9.174000e+00   4.681562e+00   -1.208687e+01   -1.327038e+01   1.067750e+01   1.417875e+01   4.040625e+00   1.656250e+01   1.683500e+01   
           25.290000  -5.477405e+00   2.223480e+01   2.771714e+00   1.598182e+01   7.241779e+00   -1.449886e+01   1.328082e+01   3.966493e+00   1.633387e+01   8.097991e+00   5.063272e+00   2.506575e+01   8.444591e+00   1.512217e+01   1.816331e+01   -8.714747e+00   5.366065e+00   -1.308366e+01   -1.229084e+01   1.165315e+01   1.408724e+01   5.164466e+00   1.654538e+01   1.673230e+01   
           26.090000  -5.753005e+00   2.233080e+01   2.627248e+00   1.654315e+01   7.896112e+00   -1.466352e+01   1.312215e+01   3.836360e+00   1.632388e+01   8.494057e+00   5.822346e+00   2.600575e+01   9.272657e+00   1.602564e+01   1.849197e+01   -8.249680e+00   6.059231e+00   -1.409306e+01   -1.129891e+01   1.264115e+01   1.399458e+01   6.302532e+00   1.652805e+01   1.662830e+01   
           26.880000  -6.025160e+00   2.242560e+01   2.484587e+00   1.709747e+01   8.542267e+00   -1.482613e+01   1.296547e+01   3.707853e+00   1.631400e+01   8.885173e+00   6.571931e+00   2.693400e+01   1.009037e+01   1.691781e+01   1.881653e+01   -7.790427e+00   6.743733e+00   -1.508984e+01   -1.031937e+01   1.361680e+01   1.390307e+01   7.426373e+00   1.651093e+01   1.652560e+01   
           27.670000  -6.297315e+00   2.252040e+01   2.341926e+00   1.765178e+01   9.188421e+00   -1.498874e+01   1.280878e+01   3.579347e+00   1.630412e+01   9.276289e+00   7.321516e+00   2.786225e+01   1.090809e+01   1.780999e+01   1.914109e+01   -7.331173e+00   7.428235e+00   -1.608662e+01   -9.339839e+00   1.459245e+01   1.381156e+01   8.550214e+00   1.649382e+01   1.642290e+01   
           28.460000  -6.569470e+00   2.261520e+01   2.199265e+00   1.820610e+01   9.834575e+00   -1.515135e+01   1.265210e+01   3.450840e+00   1.629425e+01   9.667405e+00   8.071100e+00   2.879050e+01   1.172580e+01   1.870216e+01   1.946565e+01   -6.871920e+00   8.112737e+00   -1.708340e+01   -8.360305e+00   1.556810e+01   1.372005e+01   9.674055e+00   1.647670e+01   1.632020e+01   
           29.250000  -6.841625e+00   2.271000e+01   2.056604e+00   1.876042e+01   1.048073e+01   -1.531396e+01   1.249542e+01   3.322333e+00   1.628438e+01   1.005852e+01   8.820685e+00   2.971875e+01   1.254352e+01   1.959433e+01   1.979021e+01   -6.412667e+00   8.797240e+00   -1.808019e+01   -7.380771e+00   1.654375e+01   1.362854e+01   1.079790e+01   1.645958e+01   1.621750e+01   
