@ NAME             %7s "HSTABLE"
@ TYPE             %04s "USER"
@ TITLE            %20s "FNAL Booster lattice"
@ ORIGIN           %24s "MAD-X 5.01.00 Windows 32"
@ DATE             %08s "24/03/13"
@ TIME             %08s "22.38.54"
*          TIME       I_HS01    I_HS10    I_HS11    I_HS12    I_HS13    I_HS14    I_HS15    I_HS16    I_HS17    I_HS18    I_HS19    I_HS02    I_HS20    I_HS21    I_HS22    I_HS23    I_HS24    I_HS03    I_HS04    I_HS05    I_HS06    I_HS07    I_HS08    I_HS09    
$          %le        %le        %le        %le        %le        %le        %le        %le        %le        %le        %le        %le        %le        %le        %le        %le        %le        %le        %le        %le        %le        %le        %le        %le        %le        
           0.000000  0.000000e+00   0.000000e+00   0.000000e+00   0.000000e+00   0.000000e+00   0.000000e+00   0.000000e+00   0.000000e+00   0.000000e+00   0.000000e+00   0.000000e+00   0.000000e+00   0.000000e+00   0.000000e+00   0.000000e+00   0.000000e+00   0.000000e+00   0.000000e+00   0.000000e+00   0.000000e+00   0.000000e+00   0.000000e+00   0.000000e+00   0.000000e+00   
           2.000000  0.000000e+00   0.000000e+00   0.000000e+00   0.000000e+00   0.000000e+00   0.000000e+00   0.000000e+00   0.000000e+00   0.000000e+00   0.000000e+00   0.000000e+00   0.000000e+00   0.000000e+00   0.000000e+00   0.000000e+00   0.000000e+00   0.000000e+00   0.000000e+00   0.000000e+00   0.000000e+00   0.000000e+00   0.000000e+00   0.000000e+00   0.000000e+00   
           3.100000  1.137547e+01   3.543200e+00   4.605000e+00   -1.256720e+00   2.154700e+00   4.899767e-01   1.291633e+00   6.240167e+00   1.943233e+00   8.092267e+00   9.796833e+00   6.714400e+00   1.126386e+01   4.493200e+00   8.737967e+00   9.561867e+00   1.083961e+01   1.087867e+01   1.670810e+01   1.751550e+01   8.590533e+00   9.842033e+00   6.145700e+00   2.955167e+00   
           4.180000  6.142507e+00   -4.290400e-01   -9.570000e-01   -5.428976e+00   -1.034540e+00   -2.919835e+00   -2.751527e+00   3.207167e+00   -2.590247e+00   2.111947e+00   3.498633e+00   1.286320e+00   7.093587e+00   1.266160e+00   6.566807e+00   7.195227e+00   6.731398e+00   5.896267e+00   1.312358e+01   1.444290e+01   3.628293e+00   6.839993e+00   8.504600e-01   -2.443033e+00   
           5.220000  1.103360e+00   -4.254160e+00   -6.313000e+00   -9.446704e+00   -4.105660e+00   -6.203358e+00   -6.644940e+00   2.865000e-01   -6.955820e+00   -3.646880e+00   -2.566300e+00   -3.940720e+00   3.077766e+00   -1.841360e+00   4.476060e+00   4.916240e+00   2.775342e+00   1.098400e+00   9.671820e+00   1.148410e+01   -1.150160e+00   3.949140e+00   -4.248660e+00   -7.641300e+00   
           6.220000  -3.004680e+00   -7.285635e+00   -1.035310e+01   -1.238960e+01   -6.266605e+00   -8.754770e+00   -9.404345e+00   -1.858900e+00   -1.027675e+01   -8.045090e+00   -7.083045e+00   -8.316345e+00   -4.194695e-01   -4.536540e+00   2.674855e+00   3.269370e+00   -3.529215e-01   -2.701795e+00   7.080690e+00   8.774290e+00   -4.943990e+00   1.562375e+00   -8.295585e+00   -1.152295e+01   
           7.180000  -4.438920e+00   -7.995315e+00   -1.045390e+01   -1.208240e+01   -5.645245e+00   -9.142130e+00   -8.703305e+00   -1.662100e+00   -1.048075e+01   -8.390210e+00   -6.943605e+00   -1.030330e+01   -2.537445e+00   -6.127260e+00   1.657495e+00   3.541530e+00   -1.056433e+00   -3.582355e+00   7.070610e+00   6.633010e+00   -5.860310e+00   6.083750e-01   -9.266865e+00   -1.144855e+01   
           8.110000  -5.828340e+00   -8.682817e+00   -1.055155e+01   -1.178480e+01   -5.043303e+00   -9.517385e+00   -8.024173e+00   -1.471450e+00   -1.067837e+01   -8.724545e+00   -6.808523e+00   -1.222817e+01   -4.589235e+00   -7.668270e+00   6.719275e-01   3.805185e+00   -1.737961e+00   -4.435397e+00   7.060845e+00   4.558645e+00   -6.747995e+00   -3.158125e-01   -1.020779e+01   -1.137648e+01   
           9.010000  -7.172940e+00   -9.348142e+00   -1.064605e+01   -1.149680e+01   -4.460778e+00   -9.880535e+00   -7.366948e+00   -1.286950e+00   -1.086962e+01   -9.048095e+00   -6.677798e+00   -1.409095e+01   -6.574837e+00   -9.159570e+00   -2.818475e-01   4.060335e+00   -2.397503e+00   -5.260922e+00   7.051395e+00   2.551195e+00   -7.607045e+00   -1.210187e+00   -1.111837e+01   -1.130673e+01   
           9.890000  -8.487660e+00   -9.998682e+00   -1.073845e+01   -1.121520e+01   -3.891198e+00   -1.023561e+01   -6.724328e+00   -1.106550e+00   -1.105662e+01   -9.364455e+00   -6.549978e+00   -1.591233e+01   -8.516315e+00   -1.061773e+01   -1.214427e+00   4.309815e+00   -3.042389e+00   -6.068102e+00   7.042155e+00   5.883550e-01   -8.447005e+00   -2.084687e+00   -1.200871e+01   -1.123853e+01   
           10.750000  -8.918100e+00   -9.598200e+00   -1.058178e+01   -1.126775e+01   -3.396700e+00   -1.084850e+01   -6.644150e+00   -3.484750e-01   -1.086115e+01   -8.612150e+00   -5.996528e+00   -1.560570e+01   -7.829900e+00   -1.002360e+01   -3.964250e-01   5.549175e+00   -2.473200e+00   -5.949775e+00   7.826925e+00   1.181275e+00   -8.326925e+00   -6.734500e-01   -1.193610e+01   -1.137400e+01   
           11.600000  -9.219680e+00   -9.052160e+00   -1.039112e+01   -1.136720e+01   -2.916960e+00   -1.149280e+01   -6.644320e+00   4.851200e-01   -1.061312e+01   -7.714720e+00   -5.387392e+00   -1.500016e+01   -6.776920e+00   -9.143680e+00   6.627600e-01   6.918440e+00   -1.736760e+00   -5.701320e+00   8.717640e+00   2.131320e+00   -8.071840e+00   1.049840e+00   -1.172768e+01   -1.153720e+01   
           12.440000  -9.517712e+00   -8.512544e+00   -1.020271e+01   -1.146548e+01   -2.442864e+00   -1.212952e+01   -6.644488e+00   1.308908e+00   -1.036801e+01   -6.827848e+00   -4.785423e+00   -1.440174e+01   -5.736328e+00   -8.274112e+00   1.709484e+00   8.271596e+00   -1.008984e+00   -5.455788e+00   9.597876e+00   3.070188e+00   -7.819756e+00   2.752856e+00   -1.152171e+01   -1.169848e+01   
           13.260000  -9.808648e+00   -7.985776e+00   -1.001878e+01   -1.156142e+01   -1.980056e+00   -1.275108e+01   -6.644652e+00   2.113082e+00   -1.012873e+01   -5.962092e+00   -4.197786e+00   -1.381758e+01   -4.720512e+00   -7.425248e+00   2.731286e+00   9.592534e+00   -2.985360e-01   -5.216102e+00   1.045715e+01   3.986702e+00   -7.573674e+00   4.415324e+00   -1.132065e+01   -1.185592e+01   
           14.080000  -1.009958e+01   -7.459008e+00   -9.834856e+00   -1.165736e+01   -1.517248e+00   -1.337264e+01   -6.644816e+00   2.917256e+00   -9.889456e+00   -5.096336e+00   -3.610150e+00   -1.323341e+01   -3.704696e+00   -6.576384e+00   3.753088e+00   1.091347e+01   4.119120e-01   -4.976416e+00   1.131643e+01   4.903216e+00   -7.327592e+00   6.077792e+00   -1.111958e+01   -1.201336e+01   
           14.890000  -1.038697e+01   -6.938664e+00   -9.653173e+00   -1.175213e+01   -1.060084e+00   -1.398662e+01   -6.644978e+00   3.711623e+00   -9.653098e+00   -4.241138e+00   -3.029679e+00   -1.265636e+01   -2.701268e+00   -5.737872e+00   4.762429e+00   1.221830e+01   1.113696e+00   -4.739653e+00   1.216523e+01   5.808553e+00   -7.084511e+00   7.719986e+00   -1.092097e+01   -1.216888e+01   
           15.700000  -1.067436e+01   -6.418320e+00   -9.471490e+00   -1.184690e+01   -6.029200e-01   -1.460060e+01   -6.645140e+00   4.505990e+00   -9.416740e+00   -3.385940e+00   -2.449209e+00   -1.207932e+01   -1.697840e+00   -4.899360e+00   5.771770e+00   1.352313e+01   1.815480e+00   -4.502890e+00   1.301403e+01   6.713890e+00   -6.841430e+00   9.362180e+00   -1.072236e+01   -1.232440e+01   
           16.510000  -1.096175e+01   -5.897976e+00   -9.289807e+00   -1.194167e+01   -1.457560e-01   -1.521458e+01   -6.645302e+00   5.300357e+00   -9.180382e+00   -2.530742e+00   -1.868739e+00   -1.150228e+01   -6.944120e-01   -4.060848e+00   6.781111e+00   1.482796e+01   2.517264e+00   -4.266127e+00   1.386283e+01   7.619227e+00   -6.598349e+00   1.100437e+01   -1.052375e+01   -1.247992e+01   
           17.310000  -1.124559e+01   -5.384056e+00   -9.110367e+00   -1.203527e+01   3.057640e-01   -1.582098e+01   -6.645462e+00   6.084917e+00   -8.946942e+00   -1.686102e+00   -1.295435e+00   -1.093236e+01   2.966280e-01   -3.232688e+00   7.777991e+00   1.611668e+01   3.210384e+00   -4.032287e+00   1.470115e+01   8.513387e+00   -6.358269e+00   1.262629e+01   -1.032759e+01   -1.263352e+01   
           19.710000  -1.209711e+01   -3.842296e+00   -8.572047e+00   -1.231607e+01   1.660324e+00   -1.764018e+01   -6.645942e+00   8.438597e+00   -8.246622e+00   8.478180e-01   4.244773e-01   -9.222596e+00   3.269748e+00   -7.482080e-01   1.076863e+01   1.998284e+01   5.289744e+00   -3.330767e+00   1.721611e+01   1.119587e+01   -5.638029e+00   1.749205e+01   -9.739108e+00   -1.309432e+01   
           20.510000  -1.196000e+01   -3.670067e+00   -9.230477e+00   -1.229008e+01   1.616898e+00   -1.730729e+01   -6.692027e+00   9.086247e+00   -8.077043e+00   9.095825e-01   2.508073e-01   -8.486748e+00   3.379865e+00   -4.694242e-01   1.136162e+01   2.060810e+01   5.486813e+00   -2.861928e+00   1.778222e+01   1.165642e+01   -4.914095e+00   1.815777e+01   -9.099435e+00   -1.321927e+01   
           21.310000  -1.158354e+01   -3.692134e+00   -1.036534e+01   -1.219608e+01   1.292031e+00   -1.644029e+01   -6.764227e+00   9.656047e+00   -7.943776e+00   5.261825e-01   -3.476127e-01   -7.656548e+00   2.989065e+00   -5.030309e-01   1.172496e+01   2.085610e+01   5.401813e+00   -2.259461e+00   1.819356e+01   1.187042e+01   -3.915028e+00   1.827977e+01   -8.207568e+00   -1.332794e+01   
           22.110000  -1.120707e+01   -3.714201e+00   -1.150021e+01   -1.210208e+01   9.671642e-01   -1.557329e+01   -6.836427e+00   1.022585e+01   -7.810509e+00   1.427825e-01   -9.460327e-01   -6.826348e+00   2.598265e+00   -5.366376e-01   1.208829e+01   2.110410e+01   5.316813e+00   -1.656994e+00   1.860489e+01   1.208442e+01   -2.915962e+00   1.840177e+01   -7.315702e+00   -1.343661e+01   
           22.910000  -1.083060e+01   -3.736267e+00   -1.263508e+01   -1.200808e+01   6.422975e-01   -1.470629e+01   -6.908627e+00   1.079565e+01   -7.677243e+00   -2.406175e-01   -1.544453e+00   -5.996148e+00   2.207465e+00   -5.702442e-01   1.245162e+01   2.135210e+01   5.231813e+00   -1.054528e+00   1.901622e+01   1.229842e+01   -1.916895e+00   1.852377e+01   -6.423835e+00   -1.354527e+01   
           23.700000  -1.045884e+01   -3.758058e+00   -1.375576e+01   -1.191525e+01   3.214917e-01   -1.385013e+01   -6.979925e+00   1.135832e+01   -7.545642e+00   -6.192250e-01   -2.135392e+00   -5.176325e+00   1.821550e+00   -6.034308e-01   1.281042e+01   2.159700e+01   5.147875e+00   -4.595917e-01   1.942242e+01   1.250975e+01   -9.303167e-01   1.864425e+01   -5.543117e+00   -1.365258e+01   
           24.500000  -1.008238e+01   -3.780125e+00   -1.489062e+01   -1.182125e+01   -3.375000e-03   -1.298313e+01   -7.052125e+00   1.192812e+01   -7.412375e+00   -1.002625e+00   -2.733812e+00   -4.346125e+00   1.430750e+00   -6.370375e-01   1.317375e+01   2.184500e+01   5.062875e+00   1.428750e-01   1.983375e+01   1.272375e+01   6.875000e-02   1.876625e+01   -4.651250e+00   -1.376125e+01   
           25.290000  -9.710614e+00   -3.801916e+00   -1.601131e+01   -1.172843e+01   -3.241808e-01   -1.212696e+01   -7.123422e+00   1.249080e+01   -7.280774e+00   -1.381232e+00   -3.324752e+00   -3.526303e+00   1.044835e+00   -6.702241e-01   1.353254e+01   2.208990e+01   4.978938e+00   7.378108e-01   2.023994e+01   1.293507e+01   1.055328e+00   1.888672e+01   -3.770532e+00   -1.386856e+01   
           26.090000  -9.334148e+00   -3.823982e+00   -1.714617e+01   -1.163443e+01   -6.490475e-01   -1.125996e+01   -7.195622e+00   1.306060e+01   -7.147508e+00   -1.764632e+00   -3.923172e+00   -2.696103e+00   6.540350e-01   -7.038307e-01   1.389587e+01   2.233790e+01   4.893938e+00   1.340277e+00   2.065127e+01   1.314907e+01   2.054395e+00   1.900872e+01   -2.878665e+00   -1.397722e+01   
           26.880000  -8.962387e+00   -3.845773e+00   -1.826685e+01   -1.154160e+01   -9.698533e-01   -1.040380e+01   -7.266920e+00   1.362328e+01   -7.015907e+00   -2.143240e+00   -4.514112e+00   -1.876280e+00   2.681200e-01   -7.370173e-01   1.425467e+01   2.258280e+01   4.810000e+00   1.935213e+00   2.105747e+01   1.336040e+01   3.040973e+00   1.912920e+01   -1.997947e+00   -1.408453e+01   
           27.670000  -8.590626e+00   -3.867564e+00   -1.938753e+01   -1.144878e+01   -1.290659e+00   -9.547638e+00   -7.338217e+00   1.418596e+01   -6.884306e+00   -2.521847e+00   -5.105052e+00   -1.056458e+00   -1.177950e-01   -7.702039e-01   1.461346e+01   2.282770e+01   4.726063e+00   2.530149e+00   2.146366e+01   1.357172e+01   4.027552e+00   1.924967e+01   -1.117228e+00   -1.419184e+01   
           28.460000  -8.218865e+00   -3.889355e+00   -2.050821e+01   -1.135595e+01   -1.611465e+00   -8.691475e+00   -7.409515e+00   1.474863e+01   -6.752705e+00   -2.900455e+00   -5.695991e+00   -2.366350e-01   -5.037100e-01   -8.033905e-01   1.497225e+01   2.307260e+01   4.642125e+00   3.125085e+00   2.186985e+01   1.378305e+01   5.014130e+00   1.937015e+01   -2.365100e-01   -1.429915e+01   
           29.250000  -7.847104e+00   -3.911146e+00   -2.162890e+01   -1.126313e+01   -1.932271e+00   -7.835313e+00   -7.480812e+00   1.531131e+01   -6.621104e+00   -3.279062e+00   -6.286931e+00   5.831875e-01   -8.896250e-01   -8.365771e-01   1.533104e+01   2.331750e+01   4.558188e+00   3.720021e+00   2.227604e+01   1.399437e+01   6.000708e+00   1.949062e+01   6.442083e-01   -1.440646e+01   
