@ NAME             %07s "QLerrTABLE"
@ TYPE             %04s "USER"
@ TITLE            %20s "FNAL Booster lattice"
@ ORIGIN           %24s "MAD-X 5.01.00 Windows 32"
@ DATE             %08s "24/03/13"
@ TIME             %08s "22.38.54"
*                 TIME               K_QLerr01               K_QLerr02               K_QLerr03               K_QLerr04               K_QLerr05               K_QLerr06               K_QLerr07               K_QLerr08               K_QLerr09               K_QLerr10               K_QLerr11               K_QLerr12               K_QLerr13               K_QLerr14               K_QLerr15               K_QLerr16               K_QLerr17               K_QLerr18               K_QLerr19               K_QLerr20               K_QLerr21               K_QLerr22               K_QLerr23               K_QLerr24 
$                  %le                  %le                  %le                  %le                  %le                  %le                  %le                  %le                  %le                  %le                  %le                  %le                  %le                  %le                  %le                  %le                  %le                  %le                  %le                  %le                  %le                  %le                  %le                  %le                  %le 
             0.000000             0.000000             0.000000             0.000000             0.000000             0.000000             0.000000             0.000000             0.000000             0.000000             0.000000             0.000000             0.000000             0.000000             0.000000             0.000000             0.000000             0.000000             0.000000             0.000000             0.000000             0.000000             0.000000             0.000000             0.000000
             2.00000000             0.00000000             0.00000000             0.00000000             0.00000000             0.00000000             0.00000000             0.00000000             0.00000000             0.00000000             0.00000000             0.00000000             0.00000000             0.00000000             0.00000000             0.00000000             0.00000000             0.00000000             0.00000000             0.00000000             0.00000000             0.00000000             0.00000000             0.00000000             0.00000000
             3.09608010            -0.00223834            -0.00131508             0.00087807            -0.00039132             0.00032260             0.00045461            -0.00011956             0.00014791            -0.00216205             0.00017854             0.00088352            -0.00041555             0.00113873             0.00076285            -0.00192286            -0.00074079            -0.00046171             0.00025826            -0.00007075             0.00158118            -0.00131238            -0.00070583            -0.00045417            -0.00090290
             4.18129020            -0.00197917            -0.00012771             0.00169366             0.00024272             0.00008284            -0.00011324             0.00070389             0.00025956            -0.00124871             0.00067932             0.00088279            -0.00017923             0.00145667             0.00109310            -0.00155525            -0.00054215            -0.00020498             0.00070007             0.00056625             0.00174902            -0.00118347            -0.00058211            -0.00039405            -0.00037565
             5.21875000            -0.00189901             0.00079339             0.00180198             0.00039528             0.00017520             0.00012709             0.00081654             0.00021055            -0.00138446             0.00077647             0.00153961             0.00069005             0.00172099             0.00112522            -0.00130468            -0.00034514            -0.00010047             0.00057977             0.00106568             0.00208189            -0.00099549            -0.00102282            -0.00001931            -0.00021337
             6.21467020            -0.00191563             0.00032752             0.00182400             0.00018534            -0.00042753             0.00027675             0.00092069            -0.00016394            -0.00135872             0.00041304             0.00142675             0.00053482             0.00158083             0.00081428            -0.00133794            -0.00031414            -0.00008460             0.00050647             0.00108788             0.00133975            -0.00093910            -0.00065655            -0.00033646            -0.00032267
             7.17473980            -0.00223518             0.00067711             0.00126672            -0.00014468            -0.00042658             0.00020518             0.00092752            -0.00022719            -0.00152506             0.00001303             0.00107527             0.00042477             0.00133186             0.00061649            -0.00114960            -0.00065903            -0.00002088             0.00048002             0.00091960             0.00144803            -0.00099976            -0.00129613            -0.00009644            -0.00085137
             8.10408020            -0.00268759            -0.00013445            -0.00001813            -0.00063170            -0.00077321            -0.00070489             0.00016899            -0.00069497            -0.00197909            -0.00036211             0.00076185            -0.00031818             0.00073778            -0.00017635            -0.00181516            -0.00119597            -0.00056997            -0.00032928             0.00040986             0.00059432            -0.00157465            -0.00160509            -0.00040433            -0.00149155
             9.00732040            -0.00164032            -0.00012956             0.00019810             0.00002549            -0.00009369            -0.00005739             0.00045092            -0.00037940            -0.00103948            -0.00017302             0.00092918             0.00035639             0.00084227            -0.00003473            -0.00056548             0.00006623            -0.00005943            -0.00012405             0.00053603             0.00108441            -0.00056725            -0.00095893            -0.00020619            -0.00081931
             9.88860990            -0.00169247            -0.00036931            -0.00011830             0.00000031             0.00020148             0.00001218             0.00012831            -0.00024636            -0.00114834            -0.00021296             0.00077267             0.00055216             0.00090581            -0.00014816            -0.00086462             0.00012680            -0.00039242            -0.00027548             0.00078550             0.00091269            -0.00056755            -0.00089571            -0.00032779            -0.00069789
             10.75160000            -0.00144498            -0.00005164             0.00016757             0.00005057             0.00024061             0.00016255             0.00034923            -0.00010685            -0.00092208            -0.00011734             0.00097767             0.00071539             0.00083156            -0.00022497            -0.00068819             0.00026763             0.00000165            -0.00004292             0.00071592             0.00092221            -0.00022104            -0.00084669            -0.00026520            -0.00057863
             11.59960000            -0.00167146            -0.00002912             0.00037336            -0.00008805             0.00032947             0.00004706             0.00072513            -0.00047273            -0.00088432            -0.00011901             0.00106669             0.00049854             0.00098147            -0.00025424            -0.00075172             0.00028673             0.00001752            -0.00015918             0.00065541             0.00080076            -0.00033974            -0.00062713             0.00003566            -0.00096450
             12.43540000            -0.00151071             0.00011848             0.00033454             0.00020329             0.00041057             0.00015953             0.00078678             0.00003540            -0.00100314             0.00006080             0.00107840             0.00045827             0.00106958             0.00023760            -0.00086375             0.00054454             0.00000637            -0.00034603             0.00057972             0.00145540            -0.00013691            -0.00080627            -0.00024214            -0.00059717
             13.26150000            -0.00142502             0.00011200             0.00036088             0.00037911             0.00052563             0.00022444             0.00093556             0.00009284            -0.00087170             0.00014420             0.00096792             0.00057568             0.00118502             0.00015239            -0.00065205             0.00061236             0.00011557            -0.00015054             0.00051798             0.00153030             0.00017288            -0.00077000            -0.00005196            -0.00043708
             14.08000000            -0.00143642            -0.00015880             0.00072434             0.00085575             0.00027882             0.00006487             0.00089829             0.00034171            -0.00038733            -0.00025416             0.00064350             0.00078738             0.00124966             0.00024652            -0.00037524             0.00048031            -0.00005080            -0.00031629             0.00065770             0.00197441             0.00020620            -0.00101673            -0.00034599             0.00000340
             14.89270000            -0.00150061             0.00033151             0.00073641             0.00040733             0.00054660             0.00048706             0.00099545             0.00016906            -0.00021746             0.00010772             0.00084537             0.00062685             0.00132381             0.00035746            -0.00031479             0.00052624             0.00045729            -0.00025858             0.00052654             0.00197028             0.00037401            -0.00088848             0.00012511            -0.00017902
             15.70100000            -0.00171848             0.00033741             0.00077818             0.00034653             0.00069644             0.00055951             0.00107495             0.00015155            -0.00012873             0.00003050             0.00075728             0.00064752             0.00134358             0.00039693            -0.00031893             0.00053949             0.00039534            -0.00017901             0.00043869             0.00208025             0.00021179            -0.00077033             0.00016793            -0.00021410
             16.50610000            -0.00164120            -0.00006311             0.00049476             0.00022596             0.00059356             0.00018866             0.00080877            -0.00005544            -0.00013425            -0.00005296             0.00063270             0.00043787             0.00112514            -0.00006185            -0.00048535             0.00037175             0.00016893            -0.00004136             0.00037611             0.00138893             0.00026700            -0.00071802            -0.00018587            -0.00034742
             17.30900000            -0.00218274            -0.00056117            -0.00016553            -0.00001848             0.00001941             0.00006879             0.00011267            -0.00048457            -0.00042627            -0.00017698            -0.00003123             0.00014711             0.00053254            -0.00035856            -0.00089061             0.00000571            -0.00013692            -0.00016836            -0.00032567             0.00053737            -0.00014776            -0.00059691            -0.00069265            -0.00067442
             19.71060000            -0.00182793             0.00008225             0.00109299             0.00159735             0.00080225             0.00025943             0.00110689             0.00056055            -0.00143098            -0.00153942             0.00060985             0.00070915             0.00115813             0.00065185            -0.00144213            -0.00066536             0.00012660             0.00057761             0.00069239             0.00170327             0.00000955            -0.00093946             0.00014469            -0.00087709
             20.50980000            -0.00352831            -0.00164177            -0.00026068            -0.00011278            -0.00055873            -0.00165419            -0.00018502            -0.00079178            -0.00249696            -0.00351446            -0.00061902            -0.00073862            -0.00057061            -0.00124321            -0.00294422            -0.00234443            -0.00102183            -0.00118024            -0.00098808             0.00009419            -0.00109778            -0.00231021            -0.00133046            -0.00240152
             21.30870100            -0.00216779            -0.00079970             0.00023702             0.00135871             0.00073627            -0.00028850             0.00028928             0.00028271            -0.00055701            -0.00218746            -0.00079215             0.00019765             0.00021398            -0.00065501            -0.00120227            -0.00030060            -0.00025702            -0.00029096            -0.00002388             0.00094163            -0.00034258            -0.00097590            -0.00038849            -0.00121145
             22.10700000            -0.00082656             0.00030447             0.00143972             0.00248501             0.00192886             0.00114280             0.00164785             0.00127454             0.00073233            -0.00071064             0.00050302             0.00133997             0.00134029             0.00045516             0.00012342             0.00090957             0.00086024             0.00105252             0.00110097             0.00212244             0.00117045             0.00033722             0.00056423             0.00012669
             22.90480000            -0.00073134             0.00032137             0.00188689             0.00284501             0.00237281             0.00132666             0.00193733             0.00168395             0.00118458            -0.00072214             0.00093658             0.00174970             0.00163675             0.00060650             0.00061290             0.00097000             0.00108283             0.00130978             0.00164177             0.00267352             0.00152481             0.00024139             0.00095250             0.00050945
             23.70179900            -0.00053165             0.00058783             0.00176258             0.00287978             0.00252089             0.00116370             0.00195343             0.00202387             0.00135677            -0.00061548             0.00107794             0.00167465             0.00166209             0.00079731             0.00075412             0.00104100             0.00114099             0.00122119             0.00158965             0.00290160             0.00172837             0.00034120             0.00108297             0.00064004
             24.49790000            -0.00055917             0.00061889             0.00173292             0.00269756             0.00255281             0.00126234             0.00191995             0.00200466             0.00133095            -0.00052355             0.00125375             0.00184274             0.00166213             0.00083959             0.00074326             0.00092587             0.00109175             0.00128496             0.00169006             0.00284074             0.00174763             0.00036009             0.00113503             0.00069753
             25.29280100            -0.00055018             0.00054666             0.00179244             0.00273640             0.00261531             0.00125956             0.00202830             0.00201591             0.00123640            -0.00052557             0.00122875             0.00176767             0.00177037             0.00086791             0.00072272             0.00089427             0.00115336             0.00140662             0.00176406             0.00270595             0.00175295             0.00036099             0.00120164             0.00068305
             26.08639900            -0.00063447             0.00054836             0.00171621             0.00291976             0.00260868             0.00139617             0.00208234             0.00200440             0.00134762            -0.00058181             0.00128626             0.00169999             0.00164422             0.00068986             0.00087201             0.00082453             0.00135582             0.00160664             0.00173288             0.00276665             0.00177440             0.00034871             0.00113541             0.00053528
             26.87870000            -0.00059165             0.00059857             0.00167192             0.00276905             0.00267937             0.00144632             0.00212933             0.00215519             0.00130629            -0.00065054             0.00140025             0.00168683             0.00163072             0.00068251             0.00073793             0.00078475             0.00115557             0.00163328             0.00175784             0.00276875             0.00182327             0.00050518             0.00107906             0.00066335
             27.66950000            -0.00042841             0.00063642             0.00176291             0.00276857             0.00268043             0.00143736             0.00216637             0.00210169             0.00126036            -0.00062503             0.00136583             0.00178650             0.00154519             0.00071985             0.00080237             0.00082742             0.00112227             0.00164944             0.00169671             0.00261208             0.00183772             0.00044631             0.00099330             0.00069496
             28.45900000            -0.00045540             0.00070766             0.00152808             0.00269703             0.00261792             0.00157655             0.00219787             0.00210344             0.00125681            -0.00071304             0.00141213             0.00170826             0.00153479             0.00073382             0.00089622             0.00069813             0.00109519             0.00161121             0.00157440             0.00255488             0.00178684             0.00054865             0.00090715             0.00071336
             29.24740000             0.00088899             0.00069342             0.00007475             0.00168360             0.00076275            -0.00161910             0.00355787             0.00318153             0.00364214            -0.00108961             0.00466517             0.00116392             0.00232468             0.00164716             0.00269193             0.00190317             0.00192190            -0.00006897             0.00199414             0.00359443             0.00310416             0.00393571             0.00595259            -0.00139369
