@ NAME             %07s "QSerrTABLE"
@ TYPE             %04s "USER"
@ TITLE            %20s "FNAL Booster lattice"
@ ORIGIN           %24s "MAD-X 5.01.00 Windows 32"
@ DATE             %08s "24/03/13"
@ TIME             %08s "22.38.54"
*                 TIME               K_QSerr01               K_QSerr02               K_QSerr03               K_QSerr04               K_QSerr05               K_QSerr06               K_QSerr07               K_QSerr08               K_QSerr09               K_QSerr10               K_QSerr11               K_QSerr12               K_QSerr13               K_QSerr14               K_QSerr15               K_QSerr16               K_QSerr17               K_QSerr18               K_QSerr19               K_QSerr20               K_QSerr21               K_QSerr22               K_QSerr23               K_QSerr24 
$                  %le                  %le                  %le                  %le                  %le                  %le                  %le                  %le                  %le                  %le                  %le                  %le                  %le                  %le                  %le                  %le                  %le                  %le                  %le                  %le                  %le                  %le                  %le                  %le                  %le 
             0.000000             0.000000             0.000000             0.000000             0.000000             0.000000             0.000000             0.000000             0.000000             0.000000             0.000000             0.000000             0.000000             0.000000             0.000000             0.000000             0.000000             0.000000             0.000000             0.000000             0.000000             0.000000             0.000000             0.000000             0.000000
             2.00000000             0.00000000             0.00000000             0.00000000             0.00000000             0.00000000             0.00000000             0.00000000             0.00000000             0.00000000             0.00000000             0.00000000             0.00000000             0.00000000             0.00000000             0.00000000             0.00000000             0.00000000             0.00000000             0.00000000             0.00000000             0.00000000             0.00000000             0.00000000             0.00000000
             3.09608010             0.00174040             0.00155410             0.00075656             0.00179793             0.00174173             0.00245132             0.00143645             0.00332453             0.00308909             0.00279700             0.00211490             0.00217188             0.00165753             0.00111982             0.00193029             0.00327580             0.00314044             0.00230722             0.00013101             0.00118922             0.00219643             0.00297366             0.00110042             0.00297328
             4.18129020             0.00008517             0.00002968            -0.00077480             0.00071514             0.00126850             0.00142082             0.00042151             0.00140791             0.00191384             0.00108156             0.00106842             0.00114363             0.00103168             0.00018789             0.00088263             0.00078076             0.00163959             0.00114256            -0.00053744             0.00004896             0.00108635             0.00154889             0.00027707             0.00149282
             5.21875000            -0.00034515            -0.00076380            -0.00072023             0.00024434             0.00075665             0.00080517             0.00033519             0.00063751             0.00104144             0.00061194             0.00045073             0.00058181             0.00013464            -0.00017716             0.00029357             0.00072673             0.00104514             0.00051104            -0.00064330            -0.00052088             0.00098469             0.00093578            -0.00052395             0.00093674
             6.21467020            -0.00063306            -0.00078199            -0.00031064             0.00037192             0.00085552             0.00061782             0.00005317             0.00052825             0.00093862             0.00066199             0.00038765             0.00053205            -0.00008750            -0.00027159             0.00028959             0.00088378             0.00105757             0.00041018            -0.00077444            -0.00052298             0.00109998             0.00058078            -0.00081491             0.00060103
             7.17473980            -0.00053682            -0.00061638            -0.00061412             0.00036524             0.00067783             0.00065651             0.00019687             0.00070560             0.00087878             0.00071119             0.00038546             0.00041567             0.00000128            -0.00011151             0.00041570             0.00063091             0.00090864             0.00042732            -0.00095070            -0.00040281             0.00103763             0.00082438            -0.00039524             0.00085521
             8.10408020            -0.00047961            -0.00020644            -0.00027036             0.00058013             0.00042416             0.00062492             0.00007988             0.00071530             0.00106235             0.00071344             0.00031650             0.00072324            -0.00003159             0.00013421             0.00058482             0.00053150             0.00108702             0.00054852            -0.00114070            -0.00046750             0.00093141             0.00077512            -0.00037801             0.00088935
             9.00732040            -0.00046264             0.00014092            -0.00004731             0.00068172             0.00053715             0.00028999             0.00023700             0.00107166             0.00120124             0.00085972             0.00070788             0.00045404             0.00045991             0.00028331             0.00045906             0.00030466             0.00143342             0.00095766            -0.00120748            -0.00024386             0.00084719             0.00089555            -0.00042867             0.00089620
             9.88860990            -0.00044390            -0.00007714             0.00011890             0.00072130             0.00054765             0.00018162             0.00014621             0.00082234             0.00122241             0.00084867             0.00067339             0.00039223             0.00062787             0.00019604             0.00034725             0.00052290             0.00124478             0.00089243            -0.00082410            -0.00026414             0.00068864             0.00066551            -0.00049350             0.00074322
             10.75160000            -0.00075220            -0.00028247             0.00014995             0.00053209             0.00019026             0.00033573             0.00003967             0.00082625             0.00106687             0.00066893             0.00031896             0.00043473             0.00022783             0.00012547             0.00034448             0.00061599             0.00095102             0.00051848            -0.00100580            -0.00041017             0.00061188             0.00075253            -0.00040597             0.00060253
             11.59960000            -0.00041170             0.00012600             0.00039477             0.00081607             0.00019155             0.00040973             0.00025015             0.00102340             0.00137380             0.00079990             0.00054892             0.00048944             0.00057958             0.00010877             0.00065725             0.00072030             0.00113311             0.00095734            -0.00060508             0.00019926             0.00064557             0.00085182            -0.00034749             0.00092381
             12.43540000            -0.00063998            -0.00013796             0.00000755             0.00064922             0.00024846             0.00033081            -0.00006031             0.00060540             0.00119250             0.00062593             0.00040249             0.00072800             0.00023278            -0.00040265             0.00031628             0.00066100             0.00108819             0.00098968            -0.00043971            -0.00008664             0.00025449             0.00059321            -0.00011513             0.00078107
             13.26150000            -0.00064258            -0.00030741             0.00008295             0.00047583             0.00005820             0.00015225            -0.00013693             0.00049814             0.00109903             0.00051863             0.00025023             0.00052897             0.00012131            -0.00047319             0.00024156             0.00084447             0.00104459             0.00089988            -0.00063644            -0.00029175             0.00003825             0.00043988            -0.00031796             0.00068827
             14.08000000            -0.00053837            -0.00024954            -0.00013765             0.00034515             0.00007863             0.00019953            -0.00018533             0.00026540             0.00096776             0.00075372             0.00021758             0.00018910             0.00001748            -0.00052772             0.00020047             0.00046613             0.00075348             0.00072795            -0.00018361            -0.00028382             0.00010071             0.00032981            -0.00029870             0.00037227
             14.89270000            -0.00078490            -0.00039291            -0.00007022             0.00030852            -0.00023801            -0.00012232            -0.00032020             0.00036499             0.00082345             0.00049836             0.00012823             0.00001304             0.00010476            -0.00072165            -0.00013646             0.00031840             0.00053608             0.00055250            -0.00037649            -0.00060353             0.00002131             0.00031674            -0.00073178             0.00034310
             15.70100000            -0.00095715            -0.00031180            -0.00016130             0.00023004            -0.00055277            -0.00017687            -0.00050556             0.00039526             0.00071169             0.00057723             0.00006211             0.00003141            -0.00013913            -0.00066841            -0.00025526             0.00007465             0.00048534             0.00048820            -0.00041516            -0.00067933             0.00001269             0.00052465            -0.00041966             0.00027996
             16.50610000            -0.00104427            -0.00039914            -0.00018039             0.00022864            -0.00035344            -0.00022556            -0.00062819             0.00017852             0.00067661             0.00047386             0.00006944            -0.00011532             0.00014873            -0.00056650            -0.00007555            -0.00013311             0.00028283             0.00031639            -0.00090379            -0.00059180            -0.00005918             0.00024295            -0.00076134             0.00023346
             17.30900000            -0.00104150            -0.00045930            -0.00032050             0.00002492            -0.00017318            -0.00024105            -0.00064305            -0.00007130             0.00064394             0.00051691            -0.00003787            -0.00007213             0.00012166            -0.00066326            -0.00023434            -0.00029140             0.00025638             0.00060475            -0.00080844            -0.00079939            -0.00012344             0.00002760            -0.00068677             0.00027951
             19.71060000             0.00029295            -0.00020601            -0.00055071             0.00036716             0.00053276             0.00096554            -0.00033300             0.00135972             0.00140339             0.00138735             0.00090237             0.00039603             0.00055768            -0.00016260             0.00077807             0.00119883             0.00134362             0.00065976            -0.00160511            -0.00028683             0.00062881             0.00141450             0.00010216             0.00103979
             20.50980000            -0.00122877            -0.00063416            -0.00116793            -0.00006187            -0.00071163            -0.00033111            -0.00116563            -0.00004066             0.00037844            -0.00014623            -0.00090093            -0.00024180            -0.00062273            -0.00120266            -0.00014205             0.00030640             0.00006487            -0.00031016            -0.00249464            -0.00125855            -0.00074553            -0.00001766            -0.00147126            -0.00016352
             21.30870100            -0.00147476            -0.00046452            -0.00136186            -0.00062621            -0.00073644            -0.00079598            -0.00098466            -0.00031058             0.00029422             0.00002001            -0.00045425            -0.00061900            -0.00086138            -0.00148665            -0.00042089             0.00005030             0.00016305            -0.00057461            -0.00270695            -0.00109514            -0.00060647            -0.00020344            -0.00108745            -0.00035313
             22.10700000            -0.00131380             0.00005909            -0.00098251            -0.00009057            -0.00073800            -0.00043317            -0.00080348             0.00003730             0.00033713             0.00029072            -0.00021379            -0.00041839            -0.00075543            -0.00110469            -0.00004987             0.00052864             0.00034337            -0.00005383            -0.00213737            -0.00104318            -0.00033155             0.00048031            -0.00102322             0.00013289
             22.90480000            -0.00080552            -0.00007249            -0.00033747             0.00015919            -0.00061039             0.00008487            -0.00058546             0.00040332             0.00050033             0.00044823             0.00001445            -0.00012399            -0.00051446            -0.00050748             0.00041731             0.00072555             0.00062810             0.00018427            -0.00191738            -0.00110208             0.00007988             0.00092827            -0.00072725             0.00086220
             23.70179900            -0.00056088            -0.00022724            -0.00004164             0.00040456            -0.00023315             0.00010355            -0.00016174             0.00059706             0.00086251             0.00039959             0.00058229            -0.00029940            -0.00046244            -0.00054593             0.00072352             0.00073809             0.00109574             0.00025860            -0.00181348            -0.00080840             0.00063094             0.00072230            -0.00101666             0.00048081
             24.49790000            -0.00040706            -0.00021860             0.00001847             0.00069146            -0.00016537             0.00024585            -0.00023283             0.00050804             0.00093465             0.00059887             0.00078548            -0.00012416            -0.00057199            -0.00025518             0.00073174             0.00056854             0.00123114             0.00056551            -0.00186154            -0.00076753             0.00061052             0.00092883            -0.00086785             0.00069969
             25.29280100            -0.00026638            -0.00022994            -0.00000598             0.00045290            -0.00035451             0.00017180            -0.00001686             0.00062696             0.00098112             0.00053809             0.00102410            -0.00013565            -0.00038811            -0.00030196             0.00076491             0.00024969             0.00129070             0.00075571            -0.00198105            -0.00106461             0.00055049             0.00097032            -0.00099319             0.00087680
             26.08639900            -0.00027830            -0.00013520             0.00017849             0.00070872            -0.00014175             0.00024652            -0.00011446             0.00069821             0.00105427             0.00074305             0.00116641            -0.00005716            -0.00058644            -0.00023427             0.00084085             0.00019202             0.00138395             0.00102435            -0.00200211            -0.00108331             0.00091123             0.00098981            -0.00095561             0.00086882
             26.87870000            -0.00001391            -0.00022552             0.00023022             0.00071119            -0.00001727             0.00004621             0.00006113             0.00078354             0.00091805             0.00070683             0.00160369            -0.00007852            -0.00022331            -0.00005660             0.00073890             0.00018603             0.00167674             0.00133421            -0.00204335            -0.00104838             0.00085970             0.00102278            -0.00122027             0.00097016
             27.66950000             0.00025057            -0.00038463             0.00028629             0.00079943            -0.00005162             0.00032014             0.00023693             0.00086213             0.00097632             0.00073320             0.00168966             0.00001072            -0.00030015             0.00007789             0.00097312             0.00017924             0.00172221             0.00134722            -0.00190558            -0.00114087             0.00123449             0.00114315            -0.00131441             0.00106391
             28.45900000             0.00037350            -0.00024924             0.00037423             0.00096697             0.00014151             0.00049054             0.00043805             0.00104994             0.00085804             0.00072890             0.00173575            -0.00007159            -0.00034489             0.00034188             0.00124584             0.00015791             0.00184725             0.00158116            -0.00195601            -0.00115111             0.00145785             0.00123146            -0.00143234             0.00118195
             29.24740000            -0.00075082             0.00232192            -0.00128358             0.00063853            -0.00172286            -0.00163814            -0.00098629            -0.00227410            -0.00369447            -0.00129694            -0.00149212            -0.00138900            -0.00087593            -0.00173216             0.00293717            -0.00078397            -0.00049900            -0.00028790            -0.00424831            -0.00350634            -0.00276337            -0.00290832            -0.00112316             0.00022047
