@ NAME             %8s "SQLTABLE"
@ TYPE             %04s "USER"
@ TITLE            %20s "FNAL Booster lattice"
@ ORIGIN           %24s "MAD-X 5.01.00 Windows 32"
@ DATE             %08s "24/03/13"
@ TIME             %08s "22.38.54"
*          TIME       I_SQL01    I_SQL10    I_SQL11    I_SQL12    I_SQL13    I_SQL14    I_SQL15    I_SQL16    I_SQL17    I_SQL18    I_SQL19    I_SQL02    I_SQL20    I_SQL21    I_SQL22    I_SQL23    I_SQL24    I_SQL03    I_SQL04    I_SQL05    I_SQL06    I_SQL07    I_SQL08    I_SQL09    
$          %le        %le        %le        %le        %le        %le        %le        %le        %le        %le        %le        %le        %le        %le        %le        %le        %le        %le        %le        %le        %le        %le        %le        %le        %le        
           0.000000  0.000000e+00   0.000000e+00   0.000000e+00   0.000000e+00   0.000000e+00   0.000000e+00   0.000000e+00   0.000000e+00   0.000000e+00   0.000000e+00   0.000000e+00   0.000000e+00   0.000000e+00   0.000000e+00   0.000000e+00   0.000000e+00   0.000000e+00   0.000000e+00   0.000000e+00   0.000000e+00   0.000000e+00   0.000000e+00   0.000000e+00   0.000000e+00   
           2.000000  -7.223364e-02   -4.781958e-02   -2.116990e-01   -5.895850e-02   -1.900315e-01   -1.964402e-01   -1.917100e-01   -2.380967e-01   -1.096177e-01   -1.727891e-01   -7.223364e-02   -1.727891e-01   -2.033066e-01   -5.056616e-02   -2.144456e-01   -5.056616e-02   -2.033066e-01   -1.096177e-01   -1.311326e-01   -1.526475e-01   -8.947607e-02   -1.900315e-01   -5.895850e-02   -2.116990e-01   
           3.100000  -5.772586e-01   -5.528446e-01   -7.167240e-01   -5.639835e-01   -6.950565e-01   -7.014652e-01   -6.967350e-01   -7.431217e-01   -6.146427e-01   -6.778141e-01   -5.772586e-01   -6.778141e-01   -7.083316e-01   -5.555912e-01   -7.194706e-01   -5.555912e-01   -7.083316e-01   -6.146427e-01   -6.361576e-01   -6.576725e-01   -5.945011e-01   -6.950565e-01   -5.639835e-01   -7.167240e-01   
           4.180000  -9.600570e-01   -9.356429e-01   -1.099522e+00   -9.467818e-01   -1.077855e+00   -1.084264e+00   -1.079533e+00   -1.125920e+00   -9.974410e-01   -1.060612e+00   -9.600570e-01   -1.060612e+00   -1.091130e+00   -9.383895e-01   -1.102269e+00   -9.383895e-01   -1.091130e+00   -9.974410e-01   -1.018956e+00   -1.040471e+00   -9.772994e-01   -1.077855e+00   -9.467818e-01   -1.099522e+00   
           5.220000  -1.291964e+00   -1.267550e+00   -1.431429e+00   -1.278688e+00   -1.409761e+00   -1.416170e+00   -1.411440e+00   -1.457827e+00   -1.329348e+00   -1.392519e+00   -1.291964e+00   -1.392519e+00   -1.423037e+00   -1.270296e+00   -1.434176e+00   -1.270296e+00   -1.423037e+00   -1.329348e+00   -1.350863e+00   -1.372377e+00   -1.309206e+00   -1.409761e+00   -1.278688e+00   -1.431429e+00   
           6.220000  -1.674339e+00   -1.649925e+00   -1.813805e+00   -1.661064e+00   -1.792137e+00   -1.798546e+00   -1.793816e+00   -1.840202e+00   -1.711723e+00   -1.774895e+00   -1.674339e+00   -1.774895e+00   -1.805412e+00   -1.652672e+00   -1.816551e+00   -1.652672e+00   -1.805412e+00   -1.711723e+00   -1.733238e+00   -1.754753e+00   -1.691582e+00   -1.792137e+00   -1.661064e+00   -1.813805e+00   
           7.180000  -2.016584e+00   -1.992170e+00   -2.156049e+00   -2.003308e+00   -2.134381e+00   -2.140790e+00   -2.136060e+00   -2.182447e+00   -2.053968e+00   -2.117139e+00   -2.016584e+00   -2.117139e+00   -2.147657e+00   -1.994916e+00   -2.158796e+00   -1.994916e+00   -2.147657e+00   -2.053968e+00   -2.075483e+00   -2.096997e+00   -2.033826e+00   -2.134381e+00   -2.003308e+00   -2.156049e+00   
           8.110000  -2.269824e+00   -2.245410e+00   -2.409289e+00   -2.256548e+00   -2.387621e+00   -2.394030e+00   -2.389300e+00   -2.435687e+00   -2.307208e+00   -2.370379e+00   -2.269824e+00   -2.370379e+00   -2.400897e+00   -2.248156e+00   -2.412036e+00   -2.248156e+00   -2.400897e+00   -2.307208e+00   -2.328723e+00   -2.350237e+00   -2.287066e+00   -2.387621e+00   -2.256548e+00   -2.409289e+00   
           9.010000  -2.577134e+00   -2.552720e+00   -2.716599e+00   -2.563858e+00   -2.694931e+00   -2.701340e+00   -2.696610e+00   -2.742997e+00   -2.614518e+00   -2.677689e+00   -2.577134e+00   -2.677689e+00   -2.708207e+00   -2.555466e+00   -2.719346e+00   -2.555466e+00   -2.708207e+00   -2.614518e+00   -2.636033e+00   -2.657547e+00   -2.594376e+00   -2.694931e+00   -2.563858e+00   -2.716599e+00   
           9.890000  -2.705014e+00   -2.680600e+00   -2.844479e+00   -2.691738e+00   -2.822811e+00   -2.829220e+00   -2.824490e+00   -2.870877e+00   -2.742398e+00   -2.805569e+00   -2.705014e+00   -2.805569e+00   -2.836087e+00   -2.683346e+00   -2.847226e+00   -2.683346e+00   -2.836087e+00   -2.742398e+00   -2.763913e+00   -2.785427e+00   -2.722256e+00   -2.822811e+00   -2.691738e+00   -2.844479e+00   
           10.750000  -2.881769e+00   -2.857355e+00   -3.021235e+00   -2.868494e+00   -2.999567e+00   -3.005976e+00   -3.001246e+00   -3.047632e+00   -2.919153e+00   -2.982325e+00   -2.881769e+00   -2.982325e+00   -3.012842e+00   -2.860102e+00   -3.023981e+00   -2.860102e+00   -3.012842e+00   -2.919153e+00   -2.940668e+00   -2.962183e+00   -2.899012e+00   -2.999567e+00   -2.868494e+00   -3.021235e+00   
           11.600000  -3.019650e+00   -2.995236e+00   -3.159116e+00   -3.006375e+00   -3.137448e+00   -3.143857e+00   -3.139127e+00   -3.185513e+00   -3.057034e+00   -3.120206e+00   -3.019650e+00   -3.120206e+00   -3.150723e+00   -2.997983e+00   -3.161862e+00   -2.997983e+00   -3.150723e+00   -3.057034e+00   -3.078549e+00   -3.100064e+00   -3.036893e+00   -3.137448e+00   -3.006375e+00   -3.159116e+00   
           12.440000  -3.101944e+00   -3.077530e+00   -3.241409e+00   -3.088668e+00   -3.219741e+00   -3.226150e+00   -3.221420e+00   -3.267807e+00   -3.139328e+00   -3.202499e+00   -3.101944e+00   -3.202499e+00   -3.233017e+00   -3.080276e+00   -3.244156e+00   -3.080276e+00   -3.233017e+00   -3.139328e+00   -3.160843e+00   -3.182357e+00   -3.119186e+00   -3.219741e+00   -3.088668e+00   -3.241409e+00   
           13.260000  -3.187850e+00   -3.163436e+00   -3.327316e+00   -3.174575e+00   -3.305648e+00   -3.312057e+00   -3.307327e+00   -3.353713e+00   -3.225234e+00   -3.288406e+00   -3.187850e+00   -3.288406e+00   -3.318923e+00   -3.166183e+00   -3.330062e+00   -3.166183e+00   -3.318923e+00   -3.225234e+00   -3.246749e+00   -3.268264e+00   -3.205093e+00   -3.305648e+00   -3.174575e+00   -3.327316e+00   
           14.080000  -3.281695e+00   -3.257281e+00   -3.421160e+00   -3.268420e+00   -3.399493e+00   -3.405901e+00   -3.401171e+00   -3.447558e+00   -3.319079e+00   -3.382250e+00   -3.281695e+00   -3.382250e+00   -3.412768e+00   -3.260027e+00   -3.423907e+00   -3.260027e+00   -3.412768e+00   -3.319079e+00   -3.340594e+00   -3.362109e+00   -3.298937e+00   -3.399493e+00   -3.268420e+00   -3.421160e+00   
           14.890000  -3.375273e+00   -3.350858e+00   -3.514738e+00   -3.361997e+00   -3.493070e+00   -3.499479e+00   -3.494749e+00   -3.541136e+00   -3.412657e+00   -3.475828e+00   -3.375273e+00   -3.475828e+00   -3.506346e+00   -3.353605e+00   -3.517484e+00   -3.353605e+00   -3.506346e+00   -3.412657e+00   -3.434171e+00   -3.455686e+00   -3.392515e+00   -3.493070e+00   -3.361997e+00   -3.514738e+00   
           15.700000  -3.254984e+00   -3.230570e+00   -3.394449e+00   -3.241708e+00   -3.372781e+00   -3.379190e+00   -3.374460e+00   -3.420847e+00   -3.292368e+00   -3.355539e+00   -3.254984e+00   -3.355539e+00   -3.386057e+00   -3.233316e+00   -3.397196e+00   -3.233316e+00   -3.386057e+00   -3.292368e+00   -3.313883e+00   -3.335397e+00   -3.272226e+00   -3.372781e+00   -3.241708e+00   -3.394449e+00   
           16.510000  -3.054546e+00   -3.030132e+00   -3.194011e+00   -3.041271e+00   -3.172344e+00   -3.178753e+00   -3.174022e+00   -3.220409e+00   -3.091930e+00   -3.155102e+00   -3.054546e+00   -3.155102e+00   -3.185619e+00   -3.032879e+00   -3.196758e+00   -3.032879e+00   -3.185619e+00   -3.091930e+00   -3.113445e+00   -3.134960e+00   -3.071789e+00   -3.172344e+00   -3.041271e+00   -3.194011e+00   
           17.310000  -2.683741e+00   -2.659327e+00   -2.823206e+00   -2.670466e+00   -2.801539e+00   -2.807947e+00   -2.803217e+00   -2.849604e+00   -2.721125e+00   -2.784296e+00   -2.683741e+00   -2.784296e+00   -2.814814e+00   -2.662073e+00   -2.825953e+00   -2.662073e+00   -2.814814e+00   -2.721125e+00   -2.742640e+00   -2.764155e+00   -2.700983e+00   -2.801539e+00   -2.670466e+00   -2.823206e+00   
           19.710000  2.351292e+00   2.375706e+00   2.211827e+00   2.364567e+00   2.233494e+00   2.227086e+00   2.231816e+00   2.185429e+00   2.313908e+00   2.250737e+00   2.351292e+00   2.250737e+00   2.220219e+00   2.372960e+00   2.209080e+00   2.372960e+00   2.220219e+00   2.313908e+00   2.292393e+00   2.270878e+00   2.334050e+00   2.233494e+00   2.364567e+00   2.211827e+00   
           20.510000  2.911826e+00   2.936240e+00   2.772361e+00   2.925102e+00   2.794029e+00   2.787620e+00   2.792350e+00   2.745963e+00   2.874442e+00   2.811271e+00   2.911826e+00   2.811271e+00   2.780753e+00   2.933494e+00   2.769614e+00   2.933494e+00   2.780753e+00   2.874442e+00   2.852927e+00   2.831413e+00   2.894584e+00   2.794029e+00   2.925102e+00   2.772361e+00   
           21.310000  2.968866e+00   2.993280e+00   2.829401e+00   2.982142e+00   2.851069e+00   2.844660e+00   2.849390e+00   2.803003e+00   2.931482e+00   2.868311e+00   2.968866e+00   2.868311e+00   2.837793e+00   2.990534e+00   2.826654e+00   2.990534e+00   2.837793e+00   2.931482e+00   2.909967e+00   2.888453e+00   2.951624e+00   2.851069e+00   2.982142e+00   2.829401e+00   
           22.110000  2.839941e+00   2.864355e+00   2.700476e+00   2.853217e+00   2.722144e+00   2.715735e+00   2.720465e+00   2.674078e+00   2.802557e+00   2.739386e+00   2.839941e+00   2.739386e+00   2.708868e+00   2.861609e+00   2.697729e+00   2.861609e+00   2.708868e+00   2.802557e+00   2.781042e+00   2.759528e+00   2.822699e+00   2.722144e+00   2.853217e+00   2.700476e+00   
           22.910000  2.672023e+00   2.696437e+00   2.532558e+00   2.685298e+00   2.554225e+00   2.547816e+00   2.552547e+00   2.506160e+00   2.634639e+00   2.571468e+00   2.672023e+00   2.571468e+00   2.540950e+00   2.693691e+00   2.529811e+00   2.693691e+00   2.540950e+00   2.634639e+00   2.613124e+00   2.591609e+00   2.654781e+00   2.554225e+00   2.685298e+00   2.532558e+00   
           23.700000  2.535616e+00   2.560030e+00   2.396151e+00   2.548892e+00   2.417819e+00   2.411410e+00   2.416140e+00   2.369753e+00   2.498232e+00   2.435061e+00   2.535616e+00   2.435061e+00   2.404543e+00   2.557284e+00   2.393404e+00   2.557284e+00   2.404543e+00   2.498232e+00   2.476717e+00   2.455203e+00   2.518374e+00   2.417819e+00   2.548892e+00   2.396151e+00   
           24.500000  2.358840e+00   2.383254e+00   2.219375e+00   2.372115e+00   2.241042e+00   2.234633e+00   2.239364e+00   2.192977e+00   2.321456e+00   2.258284e+00   2.358840e+00   2.258284e+00   2.227767e+00   2.380507e+00   2.216628e+00   2.380507e+00   2.227767e+00   2.321456e+00   2.299941e+00   2.278426e+00   2.341597e+00   2.241042e+00   2.372115e+00   2.219375e+00   
           25.290000  2.069793e+00   2.094207e+00   1.930327e+00   2.083068e+00   1.951995e+00   1.945586e+00   1.950317e+00   1.903930e+00   2.032409e+00   1.969237e+00   2.069793e+00   1.969237e+00   1.938720e+00   2.091460e+00   1.927581e+00   2.091460e+00   1.938720e+00   2.032409e+00   2.010894e+00   1.989379e+00   2.052550e+00   1.951995e+00   2.083068e+00   1.930327e+00   
           26.090000  1.796163e+00   1.820577e+00   1.656697e+00   1.809438e+00   1.678365e+00   1.671956e+00   1.676686e+00   1.630300e+00   1.758779e+00   1.695607e+00   1.796163e+00   1.695607e+00   1.665090e+00   1.817830e+00   1.653951e+00   1.817830e+00   1.665090e+00   1.758779e+00   1.737264e+00   1.715749e+00   1.778920e+00   1.678365e+00   1.809438e+00   1.656697e+00   
           26.880000  1.674559e+00   1.698973e+00   1.535094e+00   1.687834e+00   1.556761e+00   1.550353e+00   1.555083e+00   1.508696e+00   1.637175e+00   1.574004e+00   1.674559e+00   1.574004e+00   1.543486e+00   1.696227e+00   1.532347e+00   1.696227e+00   1.543486e+00   1.637175e+00   1.615660e+00   1.594145e+00   1.657317e+00   1.556761e+00   1.687834e+00   1.535094e+00   
           27.670000  1.552956e+00   1.577370e+00   1.413490e+00   1.566231e+00   1.435158e+00   1.428749e+00   1.433479e+00   1.387093e+00   1.515572e+00   1.452400e+00   1.552956e+00   1.452400e+00   1.421883e+00   1.574623e+00   1.410744e+00   1.574623e+00   1.421883e+00   1.515572e+00   1.494057e+00   1.472542e+00   1.535713e+00   1.435158e+00   1.566231e+00   1.413490e+00   
           28.460000  1.431352e+00   1.455766e+00   1.291887e+00   1.444627e+00   1.313554e+00   1.307146e+00   1.311876e+00   1.265489e+00   1.393968e+00   1.330797e+00   1.431352e+00   1.330797e+00   1.300279e+00   1.453020e+00   1.289140e+00   1.453020e+00   1.300279e+00   1.393968e+00   1.372453e+00   1.350938e+00   1.414110e+00   1.313554e+00   1.444627e+00   1.291887e+00   
           29.250000  1.379016e+00   1.403430e+00   1.239551e+00   1.392292e+00   1.261219e+00   1.254810e+00   1.259540e+00   1.213153e+00   1.341632e+00   1.278461e+00   1.379016e+00   1.278461e+00   1.247943e+00   1.400684e+00   1.236804e+00   1.400684e+00   1.247943e+00   1.341632e+00   1.320117e+00   1.298603e+00   1.361774e+00   1.261219e+00   1.392292e+00   1.239551e+00   
