@ NAME             %07s "SQLerrTABLE"
@ TYPE             %04s "USER"
@ TITLE            %20s "FNAL Booster lattice"
@ ORIGIN           %24s "MAD-X 5.01.00 Windows 32"
@ DATE             %08s "24/03/13"
@ TIME             %08s "22.38.54"
*                 TIME               K_SQLerr01               K_SQLerr02               K_SQLerr03               K_SQLerr04               K_SQLerr05               K_SQLerr06               K_SQLerr07               K_SQLerr08               K_SQLerr09               K_SQLerr10               K_SQLerr11               K_SQLerr12               K_SQLerr13               K_SQLerr14               K_SQLerr15               K_SQLerr16               K_SQLerr17               K_SQLerr18               K_SQLerr19               K_SQLerr20               K_SQLerr21               K_SQLerr22               K_SQLerr23               K_SQLerr24 
$                  %le                  %le                  %le                  %le                  %le                  %le                  %le                  %le                  %le                  %le                  %le                  %le                  %le                  %le                  %le                  %le                  %le                  %le                  %le                  %le                  %le                  %le                  %le                  %le                  %le 
             0.000000             0.000000             0.000000             0.000000             0.000000             0.000000             0.000000             0.000000             0.000000             0.000000             0.000000             0.000000             0.000000             0.000000             0.000000             0.000000             0.000000             0.000000             0.000000             0.000000             0.000000             0.000000             0.000000             0.000000             0.000000
             2.00000000             0.00000000             0.00000000             0.00000000             0.00000000             0.00000000             0.00000000             0.00000000             0.00000000             0.00000000             0.00000000             0.00000000             0.00000000             0.00000000             0.00000000             0.00000000             0.00000000             0.00000000             0.00000000             0.00000000             0.00000000             0.00000000             0.00000000             0.00000000             0.00000000
             3.09608010             0.00029863            -0.00038436             0.00191903            -0.00045848             0.00061395            -0.00034966            -0.00014675             0.00033359             0.00026358            -0.00009464             0.00013020             0.00133184             0.00073095            -0.00042803             0.00031195             0.00087126             0.00040439             0.00083730             0.00014176            -0.00017662             0.00015272            -0.00002685             0.00022195            -0.00001974
             4.18129020             0.00078494            -0.00052924             0.00177002            -0.00023577             0.00076606             0.00010273            -0.00018988             0.00046951             0.00038697            -0.00007514             0.00018870             0.00143285             0.00079553            -0.00022795             0.00073087             0.00092355             0.00048964             0.00077669             0.00026860             0.00009268             0.00022544             0.00006223             0.00044260             0.00023810
             5.21875000             0.00067197            -0.00030131             0.00149043             0.00019034             0.00086107             0.00013821            -0.00005628             0.00031852             0.00041725             0.00014236             0.00035906             0.00123383             0.00088235            -0.00004779             0.00069659             0.00054437             0.00065920             0.00047681             0.00062497             0.00034969             0.00004082             0.00027337             0.00010743             0.00043865
             6.21467020             0.00091415            -0.00008757             0.00151642             0.00025540             0.00099471            -0.00008770             0.00025214             0.00032632             0.00060042             0.00015190             0.00038463             0.00142957             0.00077570             0.00002823             0.00088319             0.00046642             0.00103756             0.00024078             0.00057916             0.00035372             0.00017508             0.00047089             0.00010231             0.00031843
             7.17473980             0.00112638            -0.00025817             0.00118188             0.00026594             0.00093656             0.00025530             0.00030113             0.00054638             0.00032262             0.00050232             0.00031685             0.00172798             0.00072638             0.00000543             0.00035684             0.00105128             0.00084676             0.00080478             0.00068784             0.00015116             0.00046225             0.00058982             0.00062320             0.00021967
             8.10408020             0.00085312            -0.00012503             0.00086644             0.00022729             0.00105709             0.00002466             0.00010935             0.00051081             0.00036123             0.00038696             0.00041858             0.00116089             0.00104850            -0.00007240             0.00059935             0.00089512             0.00095591             0.00037721             0.00043749             0.00021359             0.00000592             0.00069526             0.00020818             0.00047562
             9.00732040             0.00122400            -0.00006975             0.00074688             0.00029797             0.00085376             0.00022681             0.00021694             0.00059457             0.00053864             0.00027033             0.00065362             0.00118221             0.00081619             0.00019922             0.00058817             0.00061885             0.00103375             0.00020786             0.00075166             0.00037747             0.00039539             0.00040331             0.00067062             0.00009649
             9.88860990             0.00075793             0.00032068             0.00059039             0.00044747             0.00088385             0.00000526             0.00012954             0.00048251             0.00042328             0.00034158             0.00039664             0.00128224             0.00080695             0.00026864             0.00051417             0.00047026             0.00092971             0.00030421             0.00064593             0.00040570             0.00033090             0.00044670             0.00043778             0.00025200
             10.75160000             0.00069610             0.00004881             0.00049646             0.00025311             0.00096088             0.00015419             0.00015821             0.00054252             0.00044979             0.00030413             0.00049320             0.00126190             0.00086722             0.00015826             0.00054319             0.00066970             0.00091738             0.00052521             0.00040110             0.00039541             0.00042558             0.00047048             0.00052093             0.00019468
             11.59960000             0.00056211             0.00004370             0.00032479            -0.00000385             0.00072253             0.00019582            -0.00002210             0.00038732             0.00026518             0.00015766             0.00029396             0.00096474             0.00078019             0.00004968             0.00044562             0.00035296             0.00082397             0.00019193             0.00040457             0.00013976             0.00039059             0.00032489             0.00037339             0.00023184
             12.43540000             0.00052608            -0.00011783             0.00025149            -0.00010760             0.00066840             0.00029027            -0.00023925             0.00054662             0.00017167             0.00012660             0.00024988             0.00088908             0.00060292             0.00011720             0.00015901             0.00038263             0.00087776             0.00002964             0.00042811            -0.00002952             0.00025447             0.00036860             0.00025508             0.00025064
             13.26150000             0.00029638             0.00003254             0.00041829            -0.00008487             0.00063568             0.00015310            -0.00023106             0.00037767             0.00019552            -0.00000830             0.00013040             0.00100724             0.00054066             0.00006281             0.00016312             0.00010394             0.00061555             0.00032542             0.00036152             0.00012740             0.00049726             0.00018696             0.00054950             0.00007219
             14.08000000             0.00063240            -0.00011112             0.00020827            -0.00025958             0.00051723             0.00032486            -0.00020100             0.00037667             0.00029806            -0.00000549             0.00017022             0.00061509             0.00078294             0.00004600             0.00023270             0.00026280             0.00063939             0.00022347             0.00026553            -0.00014947             0.00015690             0.00035117             0.00011570             0.00009857
             14.89270000             0.00038236             0.00001097             0.00012714            -0.00009526             0.00050235             0.00023631            -0.00025486             0.00031380             0.00025136             0.00015888             0.00016270             0.00072692             0.00069720            -0.00003079             0.00039102             0.00024655             0.00058129             0.00024749             0.00033261            -0.00010651             0.00042448             0.00014922             0.00025570             0.00009566
             15.70100000             0.00037876            -0.00019561             0.00008813            -0.00019099             0.00045563             0.00020726            -0.00023546             0.00040027             0.00034253             0.00007704             0.00015020             0.00075523             0.00064061            -0.00007266             0.00039764             0.00040023             0.00060519             0.00026009             0.00026336            -0.00004446             0.00039345             0.00012706             0.00024582             0.00001123
             16.50610000             0.00033550            -0.00009791             0.00022776            -0.00021839             0.00047689             0.00020605            -0.00018347             0.00036958             0.00020983             0.00011506             0.00006410             0.00075867             0.00062436            -0.00008035             0.00038403             0.00011656             0.00062565             0.00018876             0.00024121            -0.00014964             0.00032046             0.00016826             0.00033459             0.00004925
             17.30900000             0.00049077            -0.00016510             0.00033749            -0.00041578             0.00056606             0.00007500            -0.00020735             0.00041021             0.00020736             0.00020255             0.00003109             0.00074502             0.00047568            -0.00012808             0.00025492             0.00021584             0.00066495            -0.00005876             0.00025174            -0.00032008             0.00016465             0.00018557             0.00029737            -0.00004108
             19.71060000             0.00003343             0.00013394            -0.00004426             0.00014434             0.00053326             0.00074806            -0.00018409             0.00040633             0.00015060            -0.00000714             0.00022317             0.00076711             0.00095371            -0.00006849             0.00035037             0.00100607             0.00046894             0.00087360             0.00006279             0.00019719             0.00052350             0.00021897             0.00003711            -0.00000002
             20.50980000            -0.00016800             0.00000645            -0.00086396             0.00041313             0.00074772             0.00105992            -0.00010664             0.00035818             0.00013507             0.00033804             0.00027700             0.00047003             0.00109015             0.00027346             0.00027592             0.00039384             0.00068467             0.00068735             0.00031403             0.00049063             0.00097882             0.00023689             0.00042242             0.00014487
             21.30870100            -0.00004062             0.00015959            -0.00124413             0.00044445             0.00055700             0.00139032            -0.00008586             0.00020331             0.00029718             0.00060388             0.00032311             0.00023130             0.00131916             0.00029449             0.00033575             0.00068919             0.00080034             0.00066716             0.00044667             0.00030660             0.00100693             0.00030926             0.00019130             0.00026402
             22.10700000            -0.00021269            -0.00002939            -0.00108922             0.00004351             0.00032800             0.00127010            -0.00024181             0.00008425             0.00033711             0.00040626             0.00009044            -0.00009290             0.00126274             0.00012504             0.00017821             0.00039081             0.00052695             0.00050001             0.00008246             0.00005304             0.00102956             0.00012040             0.00012554             0.00030475
             22.90480000            -0.00017782            -0.00042382            -0.00087740            -0.00030702             0.00019185             0.00100159            -0.00033949            -0.00017517             0.00024939             0.00023693             0.00004207            -0.00018572             0.00106516             0.00000336             0.00001645             0.00029613             0.00032144             0.00012312             0.00006414            -0.00012016             0.00086126            -0.00002404            -0.00006322             0.00013601
             23.70179900            -0.00025443            -0.00048219            -0.00079710            -0.00039448             0.00001483             0.00075962            -0.00053122            -0.00039213             0.00004190             0.00022577            -0.00016338            -0.00030502             0.00084742            -0.00035498            -0.00012581             0.00011013             0.00034505            -0.00018702            -0.00017519            -0.00023331             0.00054141            -0.00004162            -0.00020691            -0.00022593
             24.49790000            -0.00028334            -0.00069280            -0.00081349            -0.00084182            -0.00015791             0.00087506            -0.00090319            -0.00042394             0.00003816             0.00012602            -0.00028087            -0.00052282             0.00080384            -0.00059020            -0.00027685            -0.00007019             0.00028845            -0.00019714            -0.00027516            -0.00051160             0.00050604            -0.00020172            -0.00038573            -0.00026018
             25.29280100            -0.00038392            -0.00072522            -0.00076274            -0.00084074            -0.00008437             0.00060912            -0.00088904            -0.00046638             0.00001252             0.00009488            -0.00043124            -0.00052791             0.00090105            -0.00053396            -0.00023187            -0.00016313             0.00019749            -0.00041050            -0.00057322            -0.00058740             0.00042332            -0.00013375            -0.00027732            -0.00042744
             26.08639900            -0.00032771            -0.00079792            -0.00068729            -0.00097725            -0.00019344             0.00057049            -0.00094916            -0.00056035             0.00008070             0.00006215            -0.00053538            -0.00056096             0.00075736            -0.00063039            -0.00038582            -0.00022340             0.00017756            -0.00037830            -0.00042775            -0.00059652             0.00031517            -0.00022318            -0.00032350            -0.00043700
             26.87870000            -0.00045994            -0.00083303            -0.00058341            -0.00108498            -0.00031602             0.00059861            -0.00104836            -0.00059104             0.00007511             0.00011511            -0.00062937            -0.00065450             0.00059847            -0.00069302            -0.00042844            -0.00039771            -0.00001719            -0.00042770            -0.00055616            -0.00058849             0.00029002            -0.00023291            -0.00044587            -0.00057168
             27.66950000            -0.00029834            -0.00084901            -0.00073488            -0.00119925            -0.00025678             0.00059575            -0.00097304            -0.00065069             0.00003187             0.00004136            -0.00053196            -0.00062914             0.00076409            -0.00069204            -0.00036531            -0.00026293            -0.00003323            -0.00050323            -0.00042961            -0.00066110             0.00032006            -0.00037048            -0.00051206            -0.00049056
             28.45900000            -0.00023929            -0.00092400            -0.00068139            -0.00119577            -0.00027402             0.00041997            -0.00093714            -0.00062698             0.00002499             0.00009354            -0.00048404            -0.00061999             0.00074129            -0.00072839            -0.00045232            -0.00027845             0.00003795            -0.00053208            -0.00046476            -0.00065323             0.00022630            -0.00034400            -0.00056614            -0.00063421
             29.24740000            -0.00036679             0.00002660             0.00060339            -0.00047236             0.00027224             0.00007207             0.00010353             0.00026067             0.00003941             0.00019107            -0.00014698             0.00007908             0.00082683            -0.00055752             0.00025387            -0.00017227             0.00010879            -0.00028089             0.00015877             0.00014612            -0.00005786             0.00057717            -0.00092955             0.00010497
