@ NAME             %8s "SSLTABLE"
@ TYPE             %04s "USER"
@ TITLE            %20s "FNAL Booster lattice"
@ ORIGIN           %24s "MAD-X 5.01.00 Windows 32"
@ DATE             %08s "24/03/13"
@ TIME             %08s "22.38.54"
*          TIME       I_SSL01    I_SSL10    I_SSL11    I_SSL12    I_SSL13    I_SSL14    I_SSL15    I_SSL16    I_SSL17    I_SSL18    I_SSL19    I_SSL02    I_SSL20    I_SSL21    I_SSL22    I_SSL23    I_SSL24    I_SSL03    I_SSL04    I_SSL05    I_SSL06    I_SSL07    I_SSL08    I_SSL09    
$          %le        %le        %le        %le        %le        %le        %le        %le        %le        %le        %le        %le        %le        %le        %le        %le        %le        %le        %le        %le        %le        %le        %le        %le        %le        
           0.000000  0.000000e+00   0.000000e+00   0.000000e+00   0.000000e+00   0.000000e+00   0.000000e+00   0.000000e+00   0.000000e+00   0.000000e+00   0.000000e+00   0.000000e+00   0.000000e+00   0.000000e+00   0.000000e+00   0.000000e+00   0.000000e+00   0.000000e+00   0.000000e+00   0.000000e+00   0.000000e+00   0.000000e+00   0.000000e+00   0.000000e+00   0.000000e+00   
           2.000000  -6.067461e-01   -7.178301e-01   -7.373613e-01   -7.690996e-01   -5.237383e-01   -5.579180e-01   -6.519121e-01   -7.092852e-01   -8.911699e-01   -8.252520e-01   -1.165828e+00   -1.261043e+00   -1.020564e+00   -5.151934e-01   -9.753984e-01   -7.568926e-01   -8.862871e-01   -1.079158e+00   -9.436602e-01   -1.047420e+00   -7.080645e-01   -8.337969e-01   -8.057207e-01   -7.300371e-01   
           3.100000  -6.979961e-01   -8.090801e-01   -8.286113e-01   -8.603496e-01   -6.149883e-01   -6.491680e-01   -7.431621e-01   -8.005352e-01   -9.824199e-01   -9.165020e-01   -1.257078e+00   -1.352293e+00   -1.111814e+00   -6.064434e-01   -1.066648e+00   -8.481426e-01   -9.775371e-01   -1.170408e+00   -1.034910e+00   -1.138670e+00   -7.993145e-01   -9.250469e-01   -8.969707e-01   -8.212871e-01   
           4.180000  -7.596128e-01   -8.706967e-01   -8.902280e-01   -9.219663e-01   -6.766049e-01   -7.107846e-01   -8.047788e-01   -8.621518e-01   -1.044037e+00   -9.781186e-01   -1.318695e+00   -1.413910e+00   -1.173431e+00   -6.680600e-01   -1.128265e+00   -9.097592e-01   -1.039154e+00   -1.232025e+00   -1.096527e+00   -1.200287e+00   -8.609311e-01   -9.866635e-01   -9.585874e-01   -8.829038e-01   
           5.220000  -7.657261e-01   -8.768101e-01   -8.963413e-01   -9.280796e-01   -6.827183e-01   -7.168980e-01   -8.108921e-01   -8.682652e-01   -1.050150e+00   -9.842320e-01   -1.324808e+00   -1.420023e+00   -1.179544e+00   -6.741734e-01   -1.134378e+00   -9.158726e-01   -1.045267e+00   -1.238138e+00   -1.102640e+00   -1.206400e+00   -8.670445e-01   -9.927769e-01   -9.647007e-01   -8.890171e-01   
           6.220000  -7.646350e-01   -8.757190e-01   -8.952502e-01   -9.269885e-01   -6.816272e-01   -7.158069e-01   -8.098010e-01   -8.671740e-01   -1.049059e+00   -9.831408e-01   -1.323717e+00   -1.418932e+00   -1.178453e+00   -6.730822e-01   -1.133287e+00   -9.147815e-01   -1.044176e+00   -1.237047e+00   -1.101549e+00   -1.205309e+00   -8.659533e-01   -9.916858e-01   -9.636096e-01   -8.879260e-01   
           7.180000  -7.498961e-01   -8.609801e-01   -8.805113e-01   -9.122496e-01   -6.668883e-01   -7.010680e-01   -7.950621e-01   -8.524352e-01   -1.034320e+00   -9.684020e-01   -1.308978e+00   -1.404193e+00   -1.163714e+00   -6.583434e-01   -1.118548e+00   -9.000426e-01   -1.029437e+00   -1.222308e+00   -1.086810e+00   -1.190570e+00   -8.512145e-01   -9.769469e-01   -9.488707e-01   -8.731871e-01   
           8.110000  -7.467461e-01   -8.578301e-01   -8.773613e-01   -9.090996e-01   -6.637383e-01   -6.979180e-01   -7.919121e-01   -8.492852e-01   -1.031170e+00   -9.652520e-01   -1.305828e+00   -1.401043e+00   -1.160564e+00   -6.551934e-01   -1.115398e+00   -8.968926e-01   -1.026287e+00   -1.219158e+00   -1.083660e+00   -1.187420e+00   -8.480645e-01   -9.737969e-01   -9.457207e-01   -8.700371e-01   
           9.010000  -7.377461e-01   -8.488301e-01   -8.683613e-01   -9.000996e-01   -6.547383e-01   -6.889180e-01   -7.829121e-01   -8.402852e-01   -1.022170e+00   -9.562520e-01   -1.296828e+00   -1.392043e+00   -1.151564e+00   -6.461934e-01   -1.106398e+00   -8.878926e-01   -1.017287e+00   -1.210158e+00   -1.074660e+00   -1.178420e+00   -8.390645e-01   -9.647969e-01   -9.367207e-01   -8.610371e-01   
           9.890000  -7.309794e-01   -8.420634e-01   -8.615947e-01   -8.933329e-01   -6.479716e-01   -6.821513e-01   -7.761454e-01   -8.335185e-01   -1.015403e+00   -9.494853e-01   -1.290061e+00   -1.385276e+00   -1.144798e+00   -6.394267e-01   -1.099632e+00   -8.811259e-01   -1.010520e+00   -1.203392e+00   -1.067893e+00   -1.171653e+00   -8.322978e-01   -9.580302e-01   -9.299540e-01   -8.542704e-01   
           10.750000  -7.097841e-01   -8.208681e-01   -8.403993e-01   -8.721376e-01   -6.267763e-01   -6.609559e-01   -7.549501e-01   -8.123231e-01   -9.942079e-01   -9.282899e-01   -1.268866e+00   -1.364081e+00   -1.123602e+00   -6.182313e-01   -1.078436e+00   -8.599306e-01   -9.893251e-01   -1.182196e+00   -1.046698e+00   -1.150458e+00   -8.111024e-01   -9.368348e-01   -9.087587e-01   -8.330751e-01   
           11.600000  -6.875128e-01   -7.985967e-01   -8.181280e-01   -8.498663e-01   -6.045049e-01   -6.386846e-01   -7.326788e-01   -7.900518e-01   -9.719366e-01   -9.060186e-01   -1.246595e+00   -1.341810e+00   -1.101331e+00   -5.959600e-01   -1.056165e+00   -8.376592e-01   -9.670538e-01   -1.159925e+00   -1.024427e+00   -1.128187e+00   -7.888311e-01   -9.145635e-01   -8.864874e-01   -8.108038e-01   
           12.440000  -6.712461e-01   -7.823301e-01   -8.018613e-01   -8.335996e-01   -5.882383e-01   -6.224180e-01   -7.164121e-01   -7.737852e-01   -9.556699e-01   -8.897520e-01   -1.230328e+00   -1.325543e+00   -1.085064e+00   -5.796934e-01   -1.039898e+00   -8.213926e-01   -9.507871e-01   -1.143658e+00   -1.008160e+00   -1.111920e+00   -7.725645e-01   -8.982969e-01   -8.702207e-01   -7.945371e-01   
           13.260000  -6.628905e-01   -7.739745e-01   -7.935058e-01   -8.252441e-01   -5.798827e-01   -6.140624e-01   -7.080566e-01   -7.654296e-01   -9.473144e-01   -8.813964e-01   -1.221973e+00   -1.317187e+00   -1.076709e+00   -5.713378e-01   -1.031543e+00   -8.130370e-01   -9.424316e-01   -1.135303e+00   -9.998046e-01   -1.103564e+00   -7.642089e-01   -8.899413e-01   -8.618651e-01   -7.861816e-01   
           14.080000  -6.528683e-01   -7.639523e-01   -7.834836e-01   -8.152218e-01   -5.698605e-01   -6.040402e-01   -6.980343e-01   -7.554074e-01   -9.372921e-01   -8.713742e-01   -1.211950e+00   -1.307165e+00   -1.066687e+00   -5.613156e-01   -1.021521e+00   -8.030148e-01   -9.324093e-01   -1.125280e+00   -9.897824e-01   -1.093542e+00   -7.541867e-01   -8.799191e-01   -8.518429e-01   -7.761593e-01   
           14.890000  -6.447461e-01   -7.558301e-01   -7.753613e-01   -8.070996e-01   -5.617383e-01   -5.959180e-01   -6.899121e-01   -7.472852e-01   -9.291699e-01   -8.632520e-01   -1.203828e+00   -1.299043e+00   -1.058564e+00   -5.531934e-01   -1.013398e+00   -7.948926e-01   -9.242871e-01   -1.117158e+00   -9.816602e-01   -1.085420e+00   -7.460645e-01   -8.717969e-01   -8.437207e-01   -7.680371e-01   
           15.700000  -6.359361e-01   -7.470201e-01   -7.665513e-01   -7.982896e-01   -5.529283e-01   -5.871080e-01   -6.811021e-01   -7.384752e-01   -9.203599e-01   -8.544420e-01   -1.195018e+00   -1.290233e+00   -1.049754e+00   -5.443834e-01   -1.004588e+00   -7.860826e-01   -9.154771e-01   -1.108348e+00   -9.728502e-01   -1.076610e+00   -7.372545e-01   -8.629869e-01   -8.349107e-01   -7.592271e-01   
           16.510000  -5.859461e-01   -6.970301e-01   -7.165613e-01   -7.482996e-01   -5.029383e-01   -5.371180e-01   -6.311121e-01   -6.884852e-01   -8.703699e-01   -8.044520e-01   -1.145028e+00   -1.240243e+00   -9.997645e-01   -4.943934e-01   -9.545984e-01   -7.360926e-01   -8.654871e-01   -1.058358e+00   -9.228602e-01   -1.026620e+00   -6.872645e-01   -8.129969e-01   -7.849207e-01   -7.092371e-01   
           17.310000  -5.139461e-01   -6.250301e-01   -6.445613e-01   -6.762996e-01   -4.309383e-01   -4.651180e-01   -5.591121e-01   -6.164852e-01   -7.983699e-01   -7.324520e-01   -1.073028e+00   -1.168243e+00   -9.277645e-01   -4.223934e-01   -8.825984e-01   -6.640926e-01   -7.934871e-01   -9.863582e-01   -8.508602e-01   -9.546199e-01   -6.152645e-01   -7.409969e-01   -7.129207e-01   -6.372371e-01   
           19.710000  9.895968e-01   8.785128e-01   8.589815e-01   8.272432e-01   1.072605e+00   1.038425e+00   9.444307e-01   8.870577e-01   7.051729e-01   7.710909e-01   4.305147e-01   3.352999e-01   5.757784e-01   1.081149e+00   6.209444e-01   8.394503e-01   7.100557e-01   5.171847e-01   6.526827e-01   5.489229e-01   8.882784e-01   7.625460e-01   7.906222e-01   8.663057e-01   
           20.510000  1.331606e+00   1.220522e+00   1.200991e+00   1.169252e+00   1.414614e+00   1.380434e+00   1.286440e+00   1.229067e+00   1.047182e+00   1.113100e+00   7.725239e-01   6.773090e-01   9.177875e-01   1.423159e+00   9.629536e-01   1.181459e+00   1.052065e+00   8.591938e-01   9.946918e-01   8.909321e-01   1.230288e+00   1.104555e+00   1.132631e+00   1.208315e+00   
           21.310000  1.420799e+00   1.309715e+00   1.290184e+00   1.258445e+00   1.503807e+00   1.469627e+00   1.375633e+00   1.318260e+00   1.136375e+00   1.202293e+00   8.617169e-01   7.665020e-01   1.006981e+00   1.512352e+00   1.052147e+00   1.270652e+00   1.141258e+00   9.483868e-01   1.083885e+00   9.801251e-01   1.319481e+00   1.193748e+00   1.221824e+00   1.297508e+00   
           22.110000  1.434447e+00   1.323363e+00   1.303832e+00   1.272094e+00   1.517455e+00   1.483275e+00   1.389281e+00   1.331908e+00   1.150023e+00   1.215941e+00   8.753652e-01   7.801504e-01   1.020629e+00   1.526000e+00   1.065795e+00   1.284301e+00   1.154906e+00   9.620351e-01   1.097533e+00   9.937734e-01   1.333129e+00   1.207396e+00   1.235473e+00   1.311156e+00   
           22.910000  1.404130e+00   1.293046e+00   1.273515e+00   1.241776e+00   1.487138e+00   1.452958e+00   1.358964e+00   1.301591e+00   1.119706e+00   1.185624e+00   8.450479e-01   7.498330e-01   9.903115e-01   1.495683e+00   1.035478e+00   1.253983e+00   1.124589e+00   9.317178e-01   1.067216e+00   9.634561e-01   1.302812e+00   1.177079e+00   1.205155e+00   1.280839e+00   
           23.700000  1.109039e+00   9.979546e-01   9.784233e-01   9.466851e-01   1.192046e+00   1.157867e+00   1.063873e+00   1.006500e+00   8.246147e-01   8.905327e-01   5.499565e-01   4.547417e-01   6.952202e-01   1.200591e+00   7.403862e-01   9.588921e-01   8.294976e-01   6.366265e-01   7.721245e-01   6.683647e-01   1.007720e+00   8.819878e-01   9.100640e-01   9.857476e-01   
           24.500000  8.869986e-01   7.759146e-01   7.563834e-01   7.246451e-01   9.700064e-01   9.358267e-01   8.418326e-01   7.844595e-01   6.025748e-01   6.684928e-01   3.279166e-01   2.327017e-01   4.731803e-01   9.785513e-01   5.183463e-01   7.368521e-01   6.074576e-01   4.145865e-01   5.500845e-01   4.463248e-01   7.856803e-01   6.599478e-01   6.880240e-01   7.637076e-01   
           25.290000  8.807716e-01   7.696876e-01   7.501563e-01   7.184180e-01   9.637794e-01   9.295997e-01   8.356055e-01   7.782325e-01   5.963477e-01   6.622657e-01   3.216895e-01   2.264747e-01   4.669532e-01   9.723243e-01   5.121192e-01   7.306251e-01   6.012305e-01   4.083594e-01   5.438575e-01   4.400977e-01   7.794532e-01   6.537208e-01   6.817969e-01   7.574805e-01   
           26.090000  8.739003e-01   7.628164e-01   7.432851e-01   7.115468e-01   9.569081e-01   9.227285e-01   8.287343e-01   7.713613e-01   5.894765e-01   6.553945e-01   3.148183e-01   2.196035e-01   4.600820e-01   9.654531e-01   5.052480e-01   7.237539e-01   5.943593e-01   4.014882e-01   5.369863e-01   4.332265e-01   7.725820e-01   6.468496e-01   6.749257e-01   7.506093e-01   
           26.880000  8.632071e-01   7.521231e-01   7.325919e-01   7.008536e-01   9.462149e-01   9.120352e-01   8.180411e-01   7.606681e-01   5.787833e-01   6.447013e-01   3.041251e-01   2.089102e-01   4.493888e-01   9.547599e-01   4.945548e-01   7.130606e-01   5.836661e-01   3.907950e-01   5.262931e-01   4.225333e-01   7.618888e-01   6.361563e-01   6.642325e-01   7.399161e-01   
           27.670000  8.525139e-01   7.414299e-01   7.218987e-01   6.901604e-01   9.355217e-01   9.013420e-01   8.073479e-01   7.499748e-01   5.680901e-01   6.340080e-01   2.934319e-01   1.982170e-01   4.386955e-01   9.440666e-01   4.838616e-01   7.023674e-01   5.729729e-01   3.801018e-01   5.155998e-01   4.118401e-01   7.511955e-01   6.254631e-01   6.535393e-01   7.292229e-01   
           28.460000  8.418207e-01   7.307367e-01   7.112055e-01   6.794672e-01   9.248285e-01   8.906488e-01   7.966547e-01   7.392816e-01   5.573969e-01   6.233148e-01   2.827387e-01   1.875238e-01   4.280023e-01   9.333734e-01   4.731683e-01   6.916742e-01   5.622797e-01   3.694086e-01   5.049066e-01   4.011469e-01   7.405023e-01   6.147699e-01   6.428461e-01   7.185297e-01   
           29.250000  8.373539e-01   7.262699e-01   7.067387e-01   6.750004e-01   9.203617e-01   8.861820e-01   7.921879e-01   7.348148e-01   5.529301e-01   6.188480e-01   2.782719e-01   1.830570e-01   4.235355e-01   9.289066e-01   4.687016e-01   6.872074e-01   5.578129e-01   3.649418e-01   5.004398e-01   3.966801e-01   7.360355e-01   6.103031e-01   6.383793e-01   7.140629e-01   
